#Entropy rate for 15min TEC intensification parameters for 2003to2022
#Array shape (ntau,nparam) = (480,3)
For num_of_intensfn
    -0.00000
     0.84631
     1.11124
     1.25037
     1.33265
     1.38551
     1.42082
     1.44595
     1.46389
     1.47703
     1.48701
     1.49426
     1.49975
     1.50401
     1.50731
     1.50975
     1.51171
     1.51334
     1.51452
     1.51541
     1.51614
     1.51671
     1.51717
     1.51766
     1.51806
     1.51837
     1.51862
     1.51884
     1.51902
     1.51915
     1.51925
     1.51932
     1.51936
     1.51939
     1.51935
     1.51929
     1.51920
     1.51907
     1.51890
     1.51871
     1.51852
     1.51834
     1.51813
     1.51795
     1.51781
     1.51768
     1.51756
     1.51746
     1.51745
     1.51745
     1.51751
     1.51760
     1.51773
     1.51792
     1.51820
     1.51847
     1.51871
     1.51888
     1.51899
     1.51909
     1.51920
     1.51927
     1.51933
     1.51933
     1.51931
     1.51926
     1.51914
     1.51904
     1.51890
     1.51871
     1.51853
     1.51835
     1.51817
     1.51796
     1.51766
     1.51735
     1.51702
     1.51664
     1.51607
     1.51542
     1.51471
     1.51372
     1.51251
     1.51114
     1.50947
     1.50729
     1.50470
     1.50148
     1.49773
     1.49316
     1.48804
     1.48284
     1.47730
     1.47179
     1.46653
     1.46256
     1.46140
     1.46329
     1.46749
     1.47266
     1.47848
     1.48405
     1.48914
     1.49381
     1.49792
     1.50137
     1.50437
     1.50667
     1.50871
     1.51049
     1.51203
     1.51322
     1.51417
     1.51498
     1.51566
     1.51623
     1.51664
     1.51706
     1.51739
     1.51764
     1.51787
     1.51816
     1.51835
     1.51853
     1.51873
     1.51887
     1.51900
     1.51910
     1.51914
     1.51921
     1.51926
     1.51924
     1.51922
     1.51918
     1.51910
     1.51902
     1.51889
     1.51874
     1.51859
     1.51843
     1.51826
     1.51812
     1.51793
     1.51785
     1.51777
     1.51774
     1.51783
     1.51796
     1.51805
     1.51824
     1.51839
     1.51854
     1.51868
     1.51881
     1.51893
     1.51900
     1.51909
     1.51915
     1.51919
     1.51920
     1.51922
     1.51921
     1.51917
     1.51915
     1.51907
     1.51899
     1.51888
     1.51874
     1.51863
     1.51846
     1.51829
     1.51804
     1.51781
     1.51748
     1.51699
     1.51637
     1.51573
     1.51491
     1.51384
     1.51252
     1.51097
     1.50916
     1.50704
     1.50427
     1.50105
     1.49738
     1.49323
     1.48867
     1.48385
     1.47901
     1.47484
     1.47186
     1.47106
     1.47256
     1.47532
     1.47897
     1.48319
     1.48756
     1.49156
     1.49553
     1.49899
     1.50215
     1.50466
     1.50685
     1.50892
     1.51066
     1.51216
     1.51340
     1.51434
     1.51519
     1.51591
     1.51648
     1.51694
     1.51728
     1.51761
     1.51786
     1.51810
     1.51835
     1.51856
     1.51872
     1.51887
     1.51900
     1.51912
     1.51919
     1.51925
     1.51929
     1.51927
     1.51922
     1.51914
     1.51903
     1.51893
     1.51875
     1.51858
     1.51841
     1.51825
     1.51806
     1.51789
     1.51773
     1.51758
     1.51749
     1.51748
     1.51755
     1.51762
     1.51774
     1.51794
     1.51813
     1.51832
     1.51852
     1.51867
     1.51877
     1.51888
     1.51900
     1.51910
     1.51918
     1.51924
     1.51926
     1.51926
     1.51924
     1.51919
     1.51914
     1.51905
     1.51898
     1.51892
     1.51884
     1.51868
     1.51848
     1.51826
     1.51799
     1.51762
     1.51715
     1.51660
     1.51598
     1.51528
     1.51453
     1.51358
     1.51243
     1.51098
     1.50929
     1.50723
     1.50483
     1.50222
     1.49924
     1.49600
     1.49236
     1.48894
     1.48571
     1.48312
     1.48134
     1.48120
     1.48244
     1.48445
     1.48763
     1.49109
     1.49456
     1.49779
     1.50077
     1.50355
     1.50603
     1.50799
     1.50975
     1.51129
     1.51255
     1.51371
     1.51472
     1.51562
     1.51634
     1.51692
     1.51738
     1.51780
     1.51807
     1.51832
     1.51859
     1.51875
     1.51884
     1.51890
     1.51903
     1.51912
     1.51920
     1.51926
     1.51932
     1.51930
     1.51929
     1.51925
     1.51919
     1.51911
     1.51898
     1.51887
     1.51872
     1.51857
     1.51840
     1.51819
     1.51804
     1.51790
     1.51776
     1.51767
     1.51764
     1.51765
     1.51771
     1.51777
     1.51786
     1.51801
     1.51816
     1.51832
     1.51849
     1.51866
     1.51882
     1.51896
     1.51906
     1.51916
     1.51924
     1.51930
     1.51934
     1.51933
     1.51929
     1.51922
     1.51910
     1.51901
     1.51890
     1.51872
     1.51860
     1.51848
     1.51829
     1.51809
     1.51785
     1.51753
     1.51708
     1.51656
     1.51595
     1.51522
     1.51442
     1.51346
     1.51230
     1.51094
     1.50942
     1.50756
     1.50543
     1.50307
     1.50040
     1.49736
     1.49405
     1.49079
     1.48762
     1.48513
     1.48351
     1.48336
     1.48426
     1.48633
     1.48917
     1.49227
     1.49547
     1.49853
     1.50137
     1.50403
     1.50626
     1.50843
     1.51015
     1.51186
     1.51332
     1.51462
     1.51562
     1.51647
     1.51712
     1.51758
     1.51789
     1.51815
     1.51846
     1.51867
     1.51882
     1.51892
     1.51902
     1.51910
     1.51914
     1.51915
     1.51920
     1.51923
     1.51922
     1.51920
     1.51914
     1.51908
     1.51898
     1.51886
     1.51868
     1.51853
     1.51841
     1.51825
     1.51804
     1.51785
     1.51764
     1.51745
     1.51728
     1.51715
     1.51708
     1.51712
     1.51721
     1.51729
     1.51743
     1.51759
     1.51779
     1.51801
     1.51827
     1.51851
     1.51875
     1.51892
     1.51906
     1.51919
     1.51927
     1.51931
     1.51934
     1.51932
     1.51927
     1.51923
     1.51918
     1.51905
     1.51892
     1.51878
     1.51866
     1.51850
     1.51833
     1.51812
     1.51788
     1.51761
     1.51724
     1.51679
     1.51613
     1.51536
     1.51453
     1.51357
     1.51235
     1.51086
     1.50911
     1.50722
     1.50510
     1.50241
     1.49964
     1.49648
     1.49332
     1.49020
     1.48713
     1.48434
     1.48281
For total_REC
     0.00000
     0.56838
     0.72522
     0.84812
     0.95007
     1.03790
     1.11361
     1.18000
     1.23852
     1.29014
     1.33591
     1.37673
     1.41319
     1.44584
     1.47531
     1.50205
     1.52601
     1.54767
     1.56678
     1.58454
     1.60048
     1.61520
     1.62845
     1.64067
     1.65143
     1.66141
     1.67065
     1.67890
     1.68612
     1.69287
     1.69893
     1.70431
     1.70920
     1.71349
     1.71795
     1.72215
     1.72550
     1.72877
     1.73142
     1.73403
     1.73625
     1.73843
     1.74025
     1.74174
     1.74232
     1.74281
     1.74276
     1.74263
     1.74177
     1.74070
     1.73960
     1.73836
     1.73660
     1.73432
     1.73196
     1.72963
     1.72664
     1.72365
     1.72082
     1.71731
     1.71453
     1.71149
     1.70837
     1.70493
     1.70137
     1.69762
     1.69406
     1.69051
     1.68650
     1.68243
     1.67862
     1.67445
     1.66974
     1.66478
     1.65984
     1.65483
     1.64931
     1.64404
     1.63808
     1.63182
     1.62502
     1.61724
     1.60896
     1.60029
     1.59131
     1.58157
     1.57169
     1.56146
     1.55097
     1.54012
     1.53016
     1.51994
     1.51061
     1.50271
     1.49640
     1.49220
     1.49078
     1.49262
     1.49662
     1.50167
     1.50939
     1.51796
     1.52694
     1.53668
     1.54703
     1.55760
     1.56828
     1.57848
     1.58832
     1.59775
     1.60716
     1.61584
     1.62427
     1.63205
     1.63898
     1.64588
     1.65204
     1.65776
     1.66295
     1.66816
     1.67297
     1.67733
     1.68164
     1.68537
     1.68939
     1.69325
     1.69702
     1.70048
     1.70428
     1.70761
     1.71107
     1.71413
     1.71766
     1.72069
     1.72390
     1.72683
     1.72961
     1.73240
     1.73541
     1.73821
     1.74068
     1.74301
     1.74520
     1.74705
     1.74919
     1.75113
     1.75316
     1.75490
     1.75664
     1.75802
     1.75962
     1.76079
     1.76193
     1.76296
     1.76362
     1.76405
     1.76427
     1.76454
     1.76462
     1.76412
     1.76367
     1.76288
     1.76131
     1.75957
     1.75733
     1.75493
     1.75226
     1.74896
     1.74535
     1.74141
     1.73684
     1.73190
     1.72624
     1.72001
     1.71318
     1.70588
     1.69761
     1.68948
     1.68076
     1.67165
     1.66173
     1.65172
     1.64166
     1.63113
     1.62030
     1.60967
     1.59953
     1.58935
     1.58014
     1.57191
     1.56509
     1.55993
     1.55715
     1.55756
     1.55957
     1.56336
     1.56842
     1.57513
     1.58272
     1.59096
     1.59980
     1.60876
     1.61759
     1.62682
     1.63595
     1.64507
     1.65424
     1.66232
     1.67049
     1.67846
     1.68608
     1.69298
     1.69963
     1.70604
     1.71197
     1.71758
     1.72301
     1.72833
     1.73326
     1.73781
     1.74232
     1.74659
     1.75094
     1.75475
     1.75873
     1.76216
     1.76570
     1.76915
     1.77216
     1.77501
     1.77784
     1.78049
     1.78287
     1.78541
     1.78790
     1.79023
     1.79193
     1.79369
     1.79513
     1.79652
     1.79728
     1.79832
     1.79931
     1.79982
     1.79986
     1.80034
     1.80040
     1.80030
     1.80017
     1.79976
     1.79927
     1.79871
     1.79769
     1.79675
     1.79551
     1.79442
     1.79269
     1.79113
     1.78913
     1.78702
     1.78462
     1.78169
     1.77916
     1.77594
     1.77247
     1.76871
     1.76491
     1.76057
     1.75590
     1.75127
     1.74619
     1.74090
     1.73519
     1.72942
     1.72278
     1.71646
     1.70984
     1.70340
     1.69673
     1.69006
     1.68378
     1.67741
     1.67162
     1.66562
     1.66008
     1.65583
     1.65263
     1.65125
     1.65114
     1.65337
     1.65642
     1.66075
     1.66630
     1.67272
     1.67993
     1.68804
     1.69604
     1.70399
     1.71210
     1.71989
     1.72780
     1.73584
     1.74318
     1.75000
     1.75659
     1.76298
     1.76903
     1.77463
     1.77967
     1.78457
     1.78889
     1.79308
     1.79658
     1.80003
     1.80304
     1.80584
     1.80850
     1.81108
     1.81336
     1.81520
     1.81742
     1.81919
     1.82062
     1.82173
     1.82305
     1.82439
     1.82589
     1.82714
     1.82819
     1.82915
     1.82997
     1.83049
     1.83093
     1.83152
     1.83177
     1.83213
     1.83247
     1.83250
     1.83258
     1.83246
     1.83221
     1.83176
     1.83126
     1.83050
     1.82993
     1.82950
     1.82852
     1.82766
     1.82674
     1.82593
     1.82516
     1.82402
     1.82276
     1.82144
     1.82018
     1.81888
     1.81709
     1.81558
     1.81396
     1.81221
     1.81018
     1.80798
     1.80577
     1.80335
     1.79993
     1.79674
     1.79335
     1.78969
     1.78572
     1.78139
     1.77679
     1.77209
     1.76707
     1.76238
     1.75721
     1.75225
     1.74720
     1.74251
     1.73786
     1.73328
     1.72927
     1.72597
     1.72401
     1.72313
     1.72369
     1.72540
     1.72840
     1.73259
     1.73750
     1.74304
     1.74916
     1.75548
     1.76197
     1.76872
     1.77536
     1.78163
     1.78829
     1.79465
     1.80080
     1.80682
     1.81220
     1.81732
     1.82216
     1.82637
     1.83027
     1.83417
     1.83753
     1.84074
     1.84352
     1.84657
     1.84899
     1.85135
     1.85355
     1.85585
     1.85765
     1.85995
     1.86188
     1.86367
     1.86529
     1.86684
     1.86799
     1.86939
     1.87084
     1.87231
     1.87369
     1.87490
     1.87605
     1.87726
     1.87839
     1.87942
     1.88027
     1.88116
     1.88185
     1.88241
     1.88279
     1.88317
     1.88342
     1.88357
     1.88362
     1.88347
     1.88312
     1.88260
     1.88224
     1.88145
     1.88077
     1.87990
     1.87919
     1.87815
     1.87695
     1.87537
     1.87365
     1.87186
     1.86996
     1.86752
     1.86531
     1.86291
     1.86038
     1.85749
     1.85431
     1.85102
     1.84722
     1.84340
     1.83907
     1.83465
     1.82968
     1.82481
     1.81948
     1.81430
     1.80874
     1.80312
     1.79706
     1.79125
     1.78521
     1.77945
     1.77355
     1.76850
     1.76373
     1.76027
     1.75778
     1.75629
For total_relative_size
     0.00000
     2.39445
     2.60678
     2.73350
     2.82047
     2.88179
     2.92537
     2.95659
     2.97971
     2.99620
     3.00833
     3.01729
     3.02384
     3.02875
     3.03256
     3.03550
     3.03748
     3.03907
     3.04019
     3.04097
     3.04171
     3.04225
     3.04279
     3.04313
     3.04343
     3.04370
     3.04392
     3.04402
     3.04408
     3.04417
     3.04422
     3.04419
     3.04413
     3.04405
     3.04393
     3.04396
     3.04391
     3.04394
     3.04386
     3.04386
     3.04391
     3.04398
     3.04405
     3.04409
     3.04415
     3.04429
     3.04447
     3.04453
     3.04460
     3.04460
     3.04454
     3.04443
     3.04436
     3.04411
     3.04398
     3.04392
     3.04382
     3.04365
     3.04368
     3.04362
     3.04372
     3.04370
     3.04363
     3.04369
     3.04373
     3.04377
     3.04385
     3.04388
     3.04391
     3.04380
     3.04378
     3.04375
     3.04365
     3.04354
     3.04344
     3.04335
     3.04326
     3.04315
     3.04287
     3.04249
     3.04207
     3.04143
     3.04067
     3.03979
     3.03860
     3.03718
     3.03541
     3.03318
     3.03028
     3.02680
     3.02312
     3.01841
     3.01359
     3.00868
     3.00441
     3.00123
     3.00051
     3.00184
     3.00521
     3.00936
     3.01404
     3.01843
     3.02265
     3.02634
     3.02966
     3.03231
     3.03469
     3.03646
     3.03798
     3.03919
     3.04032
     3.04110
     3.04170
     3.04209
     3.04248
     3.04275
     3.04305
     3.04330
     3.04345
     3.04355
     3.04371
     3.04374
     3.04380
     3.04382
     3.04386
     3.04378
     3.04373
     3.04367
     3.04359
     3.04350
     3.04345
     3.04331
     3.04323
     3.04332
     3.04335
     3.04337
     3.04359
     3.04372
     3.04394
     3.04415
     3.04438
     3.04453
     3.04467
     3.04468
     3.04471
     3.04466
     3.04453
     3.04446
     3.04433
     3.04417
     3.04396
     3.04388
     3.04381
     3.04374
     3.04368
     3.04369
     3.04378
     3.04392
     3.04410
     3.04418
     3.04436
     3.04445
     3.04453
     3.04449
     3.04451
     3.04443
     3.04445
     3.04439
     3.04427
     3.04420
     3.04416
     3.04400
     3.04389
     3.04371
     3.04343
     3.04313
     3.04272
     3.04221
     3.04168
     3.04094
     3.03992
     3.03870
     3.03724
     3.03533
     3.03303
     3.03020
     3.02681
     3.02296
     3.01885
     3.01472
     3.01075
     3.00822
     3.00730
     3.00849
     3.01095
     3.01394
     3.01759
     3.02152
     3.02503
     3.02826
     3.03136
     3.03384
     3.03597
     3.03772
     3.03911
     3.04013
     3.04102
     3.04168
     3.04214
     3.04247
     3.04278
     3.04302
     3.04314
     3.04319
     3.04342
     3.04351
     3.04369
     3.04367
     3.04372
     3.04376
     3.04378
     3.04377
     3.04377
     3.04375
     3.04374
     3.04368
     3.04358
     3.04350
     3.04330
     3.04323
     3.04322
     3.04327
     3.04342
     3.04361
     3.04376
     3.04383
     3.04395
     3.04401
     3.04418
     3.04426
     3.04434
     3.04438
     3.04432
     3.04428
     3.04425
     3.04414
     3.04403
     3.04391
     3.04386
     3.04382
     3.04387
     3.04382
     3.04390
     3.04400
     3.04406
     3.04408
     3.04421
     3.04422
     3.04427
     3.04426
     3.04418
     3.04412
     3.04401
     3.04402
     3.04398
     3.04391
     3.04385
     3.04371
     3.04367
     3.04355
     3.04336
     3.04316
     3.04280
     3.04229
     3.04159
     3.04102
     3.04018
     3.03914
     3.03784
     3.03621
     3.03429
     3.03221
     3.02970
     3.02687
     3.02353
     3.02063
     3.01793
     3.01607
     3.01560
     3.01676
     3.01859
     3.02105
     3.02404
     3.02678
     3.02955
     3.03217
     3.03437
     3.03643
     3.03810
     3.03943
     3.04061
     3.04156
     3.04229
     3.04278
     3.04312
     3.04333
     3.04351
     3.04380
     3.04393
     3.04406
     3.04418
     3.04421
     3.04431
     3.04434
     3.04428
     3.04434
     3.04447
     3.04435
     3.04435
     3.04438
     3.04428
     3.04420
     3.04408
     3.04394
     3.04384
     3.04377
     3.04366
     3.04378
     3.04378
     3.04391
     3.04402
     3.04426
     3.04437
     3.04447
     3.04453
     3.04453
     3.04450
     3.04447
     3.04435
     3.04421
     3.04411
     3.04400
     3.04384
     3.04373
     3.04360
     3.04357
     3.04363
     3.04371
     3.04377
     3.04384
     3.04388
     3.04386
     3.04391
     3.04395
     3.04387
     3.04392
     3.04386
     3.04376
     3.04384
     3.04376
     3.04376
     3.04379
     3.04374
     3.04372
     3.04362
     3.04350
     3.04324
     3.04306
     3.04271
     3.04232
     3.04183
     3.04117
     3.04042
     3.03936
     3.03820
     3.03672
     3.03495
     3.03288
     3.03047
     3.02794
     3.02521
     3.02254
     3.02040
     3.01890
     3.01855
     3.01953
     3.02134
     3.02346
     3.02583
     3.02828
     3.03064
     3.03296
     3.03497
     3.03673
     3.03807
     3.03928
     3.04033
     3.04116
     3.04185
     3.04232
     3.04269
     3.04301
     3.04325
     3.04344
     3.04357
     3.04367
     3.04378
     3.04380
     3.04384
     3.04392
     3.04400
     3.04402
     3.04407
     3.04415
     3.04417
     3.04418
     3.04415
     3.04404
     3.04392
     3.04388
     3.04367
     3.04362
     3.04362
     3.04371
     3.04384
     3.04398
     3.04409
     3.04422
     3.04438
     3.04448
     3.04459
     3.04470
     3.04477
     3.04474
     3.04469
     3.04457
     3.04449
     3.04440
     3.04425
     3.04421
     3.04419
     3.04413
     3.04413
     3.04406
     3.04401
     3.04415
     3.04419
     3.04426
     3.04430
     3.04438
     3.04430
     3.04426
     3.04434
     3.04424
     3.04415
     3.04415
     3.04413
     3.04400
     3.04384
     3.04380
     3.04368
     3.04358
     3.04343
     3.04326
     3.04287
     3.04241
     3.04178
     3.04114
     3.04026
     3.03924
     3.03795
     3.03642
     3.03448
     3.03231
     3.02986
     3.02704
     3.02390
     3.02111
     3.01873
     3.01732
