#Entropy rate for daily TEC intensification parameters for 2003to2022
#Array shape (ntau,ntec) = (365,6)
For num_max
    -0.00000
     1.41369
     1.41044
     1.41496
     1.41799
     1.41703
     1.41920
     1.41961
     1.41796
     1.41930
     1.41968
     1.42024
     1.41746
     1.41853
     1.41568
     1.41633
     1.41524
     1.41652
     1.41585
     1.41742
     1.41909
     1.41938
     1.42021
     1.41683
     1.41984
     1.41804
     1.41975
     1.41545
     1.41719
     1.41504
     1.41800
     1.41787
     1.41871
     1.41849
     1.42128
     1.41878
     1.42012
     1.41827
     1.41928
     1.41942
     1.42158
     1.41533
     1.41927
     1.41996
     1.41911
     1.42099
     1.41868
     1.41885
     1.41967
     1.42138
     1.41961
     1.42187
     1.41934
     1.41924
     1.41982
     1.42006
     1.41809
     1.41702
     1.41923
     1.41935
     1.41612
     1.41600
     1.41727
     1.41680
     1.41595
     1.41686
     1.41511
     1.41778
     1.41611
     1.41584
     1.41721
     1.41432
     1.41390
     1.41407
     1.41340
     1.41251
     1.41329
     1.41180
     1.41117
     1.41191
     1.41214
     1.41224
     1.41293
     1.41257
     1.41119
     1.41258
     1.41188
     1.41080
     1.41130
     1.41041
     1.41097
     1.41181
     1.40983
     1.40970
     1.41001
     1.40940
     1.40936
     1.40971
     1.40844
     1.40900
     1.41005
     1.40918
     1.40895
     1.40705
     1.40625
     1.40658
     1.40872
     1.40643
     1.40817
     1.40804
     1.40621
     1.40646
     1.40656
     1.40793
     1.40590
     1.40797
     1.40840
     1.40768
     1.40587
     1.40762
     1.40704
     1.40664
     1.40611
     1.40694
     1.40566
     1.40814
     1.40655
     1.40658
     1.40529
     1.40831
     1.40637
     1.40773
     1.40768
     1.40716
     1.40577
     1.40556
     1.40647
     1.40691
     1.40634
     1.40589
     1.40640
     1.40615
     1.40700
     1.40659
     1.40578
     1.40681
     1.40604
     1.40607
     1.40742
     1.40542
     1.40356
     1.40643
     1.40615
     1.40640
     1.40672
     1.40511
     1.40794
     1.40617
     1.40476
     1.40391
     1.40600
     1.40470
     1.40439
     1.40299
     1.40178
     1.40267
     1.40301
     1.40379
     1.40353
     1.40358
     1.40348
     1.40102
     1.40261
     1.40413
     1.40159
     1.39975
     1.40376
     1.40376
     1.40292
     1.40298
     1.40191
     1.40082
     1.40192
     1.40316
     1.40051
     1.40173
     1.40130
     1.40150
     1.40247
     1.40314
     1.40155
     1.39853
     1.40061
     1.40098
     1.40149
     1.40020
     1.40288
     1.40284
     1.40300
     1.40142
     1.40315
     1.40271
     1.40152
     1.40000
     1.40217
     1.40265
     1.40436
     1.40346
     1.40387
     1.40288
     1.40360
     1.40202
     1.40241
     1.40281
     1.40220
     1.40224
     1.40329
     1.40343
     1.40318
     1.40418
     1.40032
     1.40236
     1.40046
     1.39986
     1.40413
     1.40391
     1.40438
     1.40513
     1.40422
     1.40386
     1.40405
     1.40447
     1.40506
     1.40493
     1.40282
     1.40462
     1.40538
     1.40531
     1.40499
     1.40331
     1.40524
     1.40584
     1.40534
     1.40527
     1.40608
     1.40568
     1.40573
     1.40559
     1.40542
     1.40366
     1.40425
     1.40564
     1.40356
     1.40510
     1.40388
     1.40402
     1.40453
     1.40462
     1.40538
     1.40574
     1.40589
     1.40440
     1.40477
     1.40557
     1.40456
     1.40534
     1.40413
     1.40540
     1.40508
     1.40553
     1.40512
     1.40453
     1.40432
     1.40444
     1.40396
     1.40474
     1.40503
     1.40412
     1.40452
     1.40407
     1.40563
     1.40475
     1.40454
     1.40481
     1.40481
     1.40345
     1.40511
     1.40469
     1.40468
     1.40547
     1.40554
     1.40454
     1.40548
     1.40480
     1.40451
     1.40413
     1.40443
     1.40393
     1.40556
     1.40484
     1.40476
     1.40451
     1.40441
     1.40517
     1.40465
     1.40557
     1.40494
     1.40433
     1.40468
     1.40431
     1.40529
     1.40455
     1.40645
     1.40527
     1.40545
     1.40502
     1.40356
     1.40490
     1.40616
     1.40443
     1.40619
     1.40516
     1.40498
     1.40336
     1.40528
     1.40423
     1.40483
     1.40459
     1.40491
     1.40430
     1.40638
     1.40440
     1.40646
     1.40363
     1.40426
     1.40436
     1.40505
     1.40002
     1.40017
     1.40048
     1.40465
     1.40179
     1.40389
     1.40254
     1.40219
     1.40193
     1.40046
     1.40323
     1.40232
     1.40272
     1.40035
     1.40010
     1.39988
     1.39773
     1.40003
     1.39877
     1.40025
     1.39972
     1.39953
     1.40115
     1.40082
     1.40198
     1.40135
     1.40191
     1.40193
For num_avg
     0.00000
     2.72095
     2.75433
     2.78386
     2.79669
     2.80971
     2.81402
     2.81704
     2.82229
     2.82455
     2.82773
     2.81911
     2.81624
     2.81888
     2.81912
     2.81396
     2.82280
     2.82622
     2.83570
     2.84597
     2.84798
     2.84618
     2.84533
     2.85399
     2.85952
     2.85161
     2.84366
     2.84018
     2.84034
     2.84716
     2.84964
     2.85548
     2.86278
     2.87027
     2.87861
     2.87471
     2.87506
     2.88500
     2.88339
     2.88655
     2.88121
     2.87810
     2.88644
     2.88257
     2.88244
     2.88058
     2.87961
     2.88681
     2.88935
     2.89478
     2.89515
     2.89875
     2.90069
     2.89678
     2.89639
     2.90409
     2.89862
     2.89506
     2.89566
     2.90009
     2.89936
     2.90313
     2.90344
     2.91210
     2.91346
     2.91341
     2.91086
     2.91102
     2.91220
     2.91256
     2.91422
     2.91032
     2.90747
     2.90387
     2.90566
     2.90804
     2.91057
     2.91152
     2.91593
     2.91049
     2.91460
     2.91373
     2.91160
     2.91466
     2.91204
     2.91162
     2.90995
     2.91156
     2.90762
     2.90997
     2.91245
     2.91453
     2.91263
     2.91484
     2.91564
     2.91275
     2.91439
     2.91569
     2.91323
     2.91111
     2.91519
     2.91072
     2.90841
     2.90663
     2.91164
     2.90739
     2.90686
     2.91229
     2.91118
     2.90888
     2.90790
     2.90836
     2.90850
     2.90550
     2.90439
     2.90919
     2.90637
     2.90644
     2.90539
     2.90661
     2.90484
     2.90658
     2.90475
     2.90864
     2.90989
     2.90799
     2.90471
     2.90418
     2.90273
     2.90767
     2.90582
     2.90412
     2.90516
     2.90490
     2.90244
     2.90768
     2.90547
     2.90883
     2.90649
     2.90692
     2.90610
     2.90266
     2.90438
     2.90354
     2.89997
     2.90082
     2.89589
     2.89808
     2.90067
     2.89972
     2.90090
     2.90163
     2.90111
     2.90204
     2.89967
     2.90052
     2.89807
     2.90087
     2.90054
     2.90252
     2.89564
     2.89477
     2.89886
     2.89636
     2.89579
     2.89881
     2.89884
     2.89473
     2.89643
     2.89599
     2.89763
     2.89601
     2.89427
     2.89849
     2.89423
     2.89362
     2.89084
     2.89659
     2.89491
     2.89297
     2.89712
     2.89412
     2.89557
     2.89953
     2.89444
     2.89468
     2.89673
     2.89278
     2.89662
     2.89351
     2.88990
     2.88980
     2.88777
     2.88930
     2.88951
     2.89048
     2.89122
     2.89656
     2.89762
     2.89250
     2.89263
     2.89048
     2.89447
     2.89242
     2.89438
     2.89390
     2.89335
     2.89340
     2.89544
     2.89413
     2.89274
     2.89746
     2.89705
     2.89749
     2.89566
     2.90135
     2.90165
     2.89492
     2.89907
     2.89811
     2.89816
     2.89671
     2.89922
     2.89641
     2.89999
     2.90367
     2.90012
     2.90039
     2.90278
     2.90186
     2.90240
     2.90294
     2.89943
     2.89973
     2.90550
     2.90297
     2.90482
     2.90278
     2.90618
     2.90625
     2.90393
     2.89978
     2.90538
     2.90248
     2.90648
     2.90656
     2.90734
     2.90508
     2.90723
     2.90501
     2.90536
     2.90498
     2.90453
     2.90615
     2.90641
     2.90849
     2.90603
     2.90918
     2.90719
     2.90942
     2.90891
     2.90882
     2.90737
     2.91029
     2.90852
     2.90611
     2.90634
     2.90284
     2.90194
     2.90486
     2.90258
     2.90735
     2.90762
     2.90685
     2.91017
     2.91103
     2.90553
     2.90390
     2.90028
     2.90255
     2.89497
     2.89505
     2.89728
     2.90000
     2.90132
     2.89953
     2.90428
     2.90087
     2.90234
     2.89985
     2.90054
     2.90216
     2.89929
     2.89615
     2.89492
     2.89396
     2.89254
     2.88932
     2.89138
     2.89586
     2.89494
     2.89373
     2.89310
     2.89634
     2.89405
     2.89414
     2.89096
     2.88800
     2.87966
     2.87972
     2.87884
     2.88168
     2.88216
     2.88216
     2.87985
     2.88179
     2.88536
     2.87890
     2.88122
     2.87747
     2.87927
     2.87622
     2.87284
     2.86836
     2.87030
     2.86266
     2.85670
     2.85683
     2.86328
     2.86699
     2.86784
     2.86500
     2.86532
     2.86398
     2.86257
     2.85876
     2.85526
     2.85048
     2.84718
     2.84290
     2.84385
     2.84031
     2.84738
     2.84456
     2.85146
     2.84952
     2.85297
     2.85442
     2.85656
     2.85024
     2.84127
     2.84354
     2.83966
     2.83819
     2.83257
     2.82586
     2.82329
     2.83145
     2.84022
     2.83769
     2.85141
     2.84471
     2.84630
     2.84630
     2.83889
For totalREC_max
    -0.00000
     1.02579
     1.18208
     1.28054
     1.35044
     1.39357
     1.44636
     1.50108
     1.54957
     1.58666
     1.62469
     1.64375
     1.66688
     1.67511
     1.68302
     1.70072
     1.70233
     1.70652
     1.70314
     1.69798
     1.69038
     1.69523
     1.69334
     1.69223
     1.70257
     1.69979
     1.71139
     1.72377
     1.74534
     1.78174
     1.80132
     1.83243
     1.85908
     1.88902
     1.91112
     1.93702
     1.95731
     1.97556
     1.99327
     2.00719
     2.01993
     2.03321
     2.04313
     2.05123
     2.05846
     2.06367
     2.06919
     2.07455
     2.07978
     2.08410
     2.09279
     2.09826
     2.10028
     2.10616
     2.10920
     2.11793
     2.12951
     2.14259
     2.15055
     2.16237
     2.17092
     2.18013
     2.19249
     2.19937
     2.20849
     2.21336
     2.22185
     2.22553
     2.23048
     2.23567
     2.23704
     2.23919
     2.24260
     2.24656
     2.24473
     2.24858
     2.24999
     2.25335
     2.25415
     2.25658
     2.25671
     2.25649
     2.26022
     2.26369
     2.26457
     2.26634
     2.27127
     2.27262
     2.27592
     2.27605
     2.27857
     2.28175
     2.27815
     2.27808
     2.27932
     2.28174
     2.28180
     2.28201
     2.27814
     2.27887
     2.27813
     2.27696
     2.27696
     2.27507
     2.27449
     2.27324
     2.27193
     2.27020
     2.26937
     2.26938
     2.26909
     2.26921
     2.26976
     2.27061
     2.26855
     2.26920
     2.26805
     2.26718
     2.26142
     2.25905
     2.25915
     2.25864
     2.25339
     2.25215
     2.25196
     2.24763
     2.24808
     2.24757
     2.24570
     2.24550
     2.24541
     2.24351
     2.24224
     2.24189
     2.24038
     2.23813
     2.23446
     2.23500
     2.23192
     2.23043
     2.22975
     2.22733
     2.22322
     2.22300
     2.22215
     2.21900
     2.21734
     2.21483
     2.21417
     2.21026
     2.20856
     2.20637
     2.20229
     2.19713
     2.19601
     2.19013
     2.18622
     2.18864
     2.18569
     2.18617
     2.18365
     2.18272
     2.18383
     2.18481
     2.18452
     2.18204
     2.18619
     2.18242
     2.18379
     2.18231
     2.18244
     2.18156
     2.17749
     2.17473
     2.17305
     2.16882
     2.16873
     2.16496
     2.16342
     2.16128
     2.16105
     2.15841
     2.16017
     2.15920
     2.16269
     2.16495
     2.16833
     2.17034
     2.17441
     2.17798
     2.18079
     2.18139
     2.18719
     2.19015
     2.19190
     2.19484
     2.19639
     2.19578
     2.19753
     2.19913
     2.19892
     2.19846
     2.19914
     2.20222
     2.20645
     2.20633
     2.20865
     2.21308
     2.21277
     2.21345
     2.21713
     2.21743
     2.21858
     2.22653
     2.22914
     2.23344
     2.23698
     2.24407
     2.24978
     2.25175
     2.25961
     2.26504
     2.26970
     2.27425
     2.27683
     2.28204
     2.28523
     2.28223
     2.28385
     2.28440
     2.28608
     2.29053
     2.29115
     2.28835
     2.28617
     2.28693
     2.28566
     2.28809
     2.29412
     2.29692
     2.29944
     2.30580
     2.30840
     2.30828
     2.31652
     2.31867
     2.32057
     2.32153
     2.32452
     2.32857
     2.32968
     2.33291
     2.33168
     2.33300
     2.33415
     2.33864
     2.33815
     2.34071
     2.33853
     2.34038
     2.34015
     2.33853
     2.34246
     2.34229
     2.34512
     2.34491
     2.34494
     2.34757
     2.34647
     2.35045
     2.35034
     2.35111
     2.35567
     2.35715
     2.35763
     2.35846
     2.35489
     2.35513
     2.35788
     2.35927
     2.35816
     2.35705
     2.35846
     2.35537
     2.35648
     2.35186
     2.34975
     2.34561
     2.34431
     2.33997
     2.33766
     2.33325
     2.33020
     2.33147
     2.33058
     2.33080
     2.32503
     2.32369
     2.32462
     2.32406
     2.32265
     2.32241
     2.59718
     2.59817
     2.59621
     2.59006
     2.58685
     2.58177
     2.57879
     2.57573
     2.57148
     2.56746
     2.56432
     2.56060
     2.55392
     2.54810
     2.54313
     2.53549
     2.53367
     2.53006
     2.52470
     2.52148
     2.51694
     2.64024
     2.63630
     2.63501
     2.63185
     2.62809
     2.62778
     2.62267
     2.61998
     2.61503
     2.61105
     2.60827
     2.60264
     2.59327
     2.58750
     2.58306
     2.57749
     2.57533
     2.57079
     2.56738
     2.56008
     2.55396
     2.54991
     2.54525
     2.54110
     2.54089
     2.53478
     2.53075
     2.52661
     2.51874
     2.51992
     2.51832
     2.51575
     2.51329
     2.51093
     2.51728
     2.51391
     2.51416
     2.51097
     2.51373
     2.51185
     2.51065
     2.51094
For totalREC_avg
    -0.00000
     0.94038
     1.11531
     1.26805
     1.37563
     1.47021
     1.54404
     1.62327
     1.68639
     1.74478
     1.78605
     1.81886
     1.84520
     1.86283
     1.87349
     1.88264
     1.88774
     1.89800
     1.89931
     1.90443
     1.90248
     1.90191
     1.90239
     1.90649
     1.91103
     1.91993
     1.92631
     1.94788
     1.97550
     2.01112
     2.04634
     2.08213
     2.11480
     2.14497
     2.17936
     2.20719
     2.23478
     2.25732
     2.28175
     2.29882
     2.31358
     2.32571
     2.33465
     2.34469
     2.35154
     2.36301
     2.36562
     2.37276
     2.38182
     2.39076
     2.40015
     2.40770
     2.41194
     2.42036
     2.42755
     2.43754
     2.44725
     2.45880
     2.46928
     2.47773
     2.48992
     2.49921
     2.50805
     2.51648
     2.52902
     2.53483
     2.54298
     2.54845
     2.55549
     2.56121
     2.56282
     2.56552
     2.56948
     2.57181
     2.57525
     2.57578
     2.57787
     2.58013
     2.57877
     2.57924
     2.57844
     2.58165
     2.58248
     2.58436
     2.58557
     2.58852
     2.58841
     2.58495
     2.58487
     2.58474
     2.58618
     2.58828
     2.58634
     2.58566
     2.58697
     2.58857
     2.58591
     2.58736
     2.58821
     2.58535
     2.58501
     2.58223
     2.57901
     2.58097
     2.57977
     2.57635
     2.57436
     2.57504
     2.57631
     2.57814
     2.57612
     2.57353
     2.57088
     2.57056
     2.56725
     2.56935
     2.56776
     2.56252
     2.56375
     2.55902
     2.55776
     2.55515
     2.55227
     2.54983
     2.54621
     2.54491
     2.54012
     2.54080
     2.53956
     2.53554
     2.53713
     2.53709
     2.53407
     2.53224
     2.52766
     2.52561
     2.52315
     2.52088
     2.52010
     2.51785
     2.51637
     2.51166
     2.50729
     2.50507
     2.50535
     2.50271
     2.50061
     2.49877
     2.49257
     2.48863
     2.48842
     2.48726
     2.48268
     2.47946
     2.47643
     2.47488
     2.47271
     2.47187
     2.46992
     2.46577
     2.46158
     2.45530
     2.45821
     2.45718
     2.45439
     2.45457
     2.45485
     2.45685
     2.45712
     2.45617
     2.45501
     2.45311
     2.45427
     2.45452
     2.45170
     2.44829
     2.44478
     2.44401
     2.43946
     2.43954
     2.43282
     2.43327
     2.43080
     2.43294
     2.43388
     2.43188
     2.43667
     2.43731
     2.43493
     2.43952
     2.44136
     2.45069
     2.45749
     2.45870
     2.46451
     2.46932
     2.46737
     2.47335
     2.47284
     2.47722
     2.47952
     2.48128
     2.48263
     2.48731
     2.48976
     2.49274
     2.49702
     2.50114
     2.50402
     2.50606
     2.50934
     2.51209
     2.51746
     2.52272
     2.52957
     2.53528
     2.53887
     2.54512
     2.55163
     2.55864
     2.56250
     2.56798
     2.57138
     2.57949
     2.58442
     2.58593
     2.58772
     2.58863
     2.59188
     2.59646
     2.59767
     2.59839
     2.60200
     2.60039
     2.59696
     2.59783
     2.59943
     2.60166
     2.60491
     2.60832
     2.61365
     2.61795
     2.61929
     2.62358
     2.62730
     2.63354
     2.63429
     2.63703
     2.63794
     2.63768
     2.63756
     2.63658
     2.63672
     2.63733
     2.64037
     2.64559
     2.64902
     2.65143
     2.65024
     2.65090
     2.65050
     2.65253
     2.65378
     2.65296
     2.65616
     2.65838
     2.65722
     2.65916
     2.66483
     2.66563
     2.67039
     2.67372
     2.67361
     2.67549
     2.67726
     2.67716
     2.67893
     2.67850
     2.68011
     2.67972
     2.67985
     2.68093
     2.67979
     2.68152
     2.68200
     2.68028
     2.67793
     2.67287
     2.67092
     2.66603
     2.66387
     2.66367
     2.66230
     2.66009
     2.65543
     2.65536
     2.65238
     2.65437
     2.65295
     2.65278
     2.65166
     2.64728
     2.73267
     2.73138
     2.72744
     2.72089
     2.71771
     2.71562
     2.71314
     2.71250
     2.71034
     2.70580
     2.70204
     2.69812
     2.69239
     2.68790
     2.68151
     2.67517
     2.67091
     2.66553
     2.65742
     2.64842
     2.64152
     2.63497
     2.63165
     2.62881
     2.62841
     2.62506
     2.62147
     2.62023
     2.61623
     2.61001
     2.60664
     2.60169
     2.59373
     2.58654
     2.57819
     2.57404
     2.56854
     2.56122
     2.55386
     2.54989
     2.54238
     2.53975
     2.53637
     2.53130
     2.52568
     2.51844
     2.51699
     2.51269
     2.50616
     2.49975
     2.49584
     2.49531
     2.49288
     2.49315
     2.48727
     2.48741
     2.48722
     2.48693
     2.48802
     2.49079
     2.48637
     2.48915
     2.48807
For totalsize_max
    -0.00000
     2.18058
     2.19434
     2.20627
     2.19927
     2.19806
     2.20221
     2.20336
     2.20783
     2.20841
     2.20805
     2.19856
     2.20569
     2.20302
     2.20381
     2.20641
     2.20446
     2.20572
     2.20195
     2.21257
     2.21464
     2.21157
     2.20971
     2.21119
     2.21467
     2.21647
     2.21039
     2.21024
     2.20853
     2.20706
     2.21059
     2.21138
     2.21418
     2.21633
     2.21314
     2.21617
     2.21733
     2.21524
     2.21900
     2.21355
     2.21697
     2.21759
     2.21641
     2.21653
     2.21373
     2.21610
     2.21249
     2.21521
     2.21678
     2.21690
     2.21742
     2.21689
     2.21640
     2.21734
     2.21330
     2.21231
     2.21672
     2.21345
     2.21627
     2.21725
     2.21727
     2.21478
     2.21510
     2.21442
     2.21432
     2.21623
     2.21586
     2.21585
     2.21495
     2.21318
     2.21405
     2.21558
     2.21618
     2.21193
     2.21043
     2.21191
     2.21304
     2.21116
     2.20988
     2.21036
     2.21151
     2.21009
     2.21093
     2.21104
     2.21330
     2.21121
     2.21097
     2.21332
     2.21357
     2.21200
     2.21153
     2.21059
     2.21141
     2.21139
     2.21060
     2.20964
     2.20952
     2.21054
     2.21012
     2.20854
     2.20914
     2.21002
     2.20576
     2.20580
     2.20796
     2.20882
     2.20779
     2.20797
     2.20570
     2.20720
     2.20491
     2.20568
     2.20601
     2.20366
     2.20449
     2.20478
     2.20503
     2.20327
     2.20509
     2.20214
     2.20556
     2.20160
     2.20474
     2.20451
     2.20221
     2.20050
     2.20363
     2.20144
     2.20278
     2.20153
     2.20468
     2.20287
     2.20163
     2.20210
     2.20153
     2.20165
     2.20122
     2.20115
     2.20219
     2.20002
     2.20134
     2.19895
     2.20150
     2.20037
     2.20199
     2.20121
     2.20048
     2.20070
     2.20036
     2.19681
     2.19873
     2.19814
     2.20011
     2.19881
     2.20133
     2.19694
     2.20060
     2.19915
     2.20058
     2.19924
     2.19842
     2.20033
     2.19868
     2.20039
     2.19926
     2.20178
     2.19953
     2.20333
     2.20077
     2.19825
     2.20135
     2.20153
     2.20002
     2.19923
     2.20073
     2.19916
     2.20062
     2.20070
     2.19904
     2.20320
     2.20100
     2.20079
     2.20010
     2.20145
     2.20073
     2.20019
     2.20080
     2.20062
     2.19951
     2.19640
     2.19753
     2.19934
     2.19769
     2.20021
     2.19955
     2.20033
     2.19725
     2.19888
     2.20003
     2.19974
     2.19895
     2.19542
     2.19980
     2.19900
     2.19950
     2.19845
     2.19884
     2.20009
     2.20002
     2.20128
     2.19973
     2.20020
     2.20150
     2.20229
     2.19938
     2.20250
     2.20297
     2.20094
     2.20178
     2.20348
     2.20426
     2.20502
     2.20596
     2.20141
     2.20283
     2.20477
     2.20503
     2.20591
     2.20652
     2.20324
     2.20379
     2.20399
     2.20370
     2.20366
     2.20571
     2.20374
     2.20365
     2.20061
     2.20223
     2.20347
     2.20240
     2.20299
     2.20394
     2.20426
     2.20382
     2.20517
     2.20437
     2.20460
     2.20473
     2.20398
     2.20631
     2.20635
     2.20292
     2.20489
     2.20245
     2.20274
     2.20279
     2.20564
     2.20417
     2.20280
     2.20460
     2.20096
     2.20332
     2.20419
     2.20118
     2.20298
     2.20291
     2.20301
     2.20069
     2.19979
     2.20242
     2.20488
     2.20509
     2.20489
     2.20484
     2.20351
     2.20056
     2.20146
     2.20342
     2.20477
     2.20186
     2.20162
     2.20405
     2.20447
     2.20564
     2.20545
     2.20492
     2.20149
     2.20377
     2.20489
     2.20400
     2.20424
     2.20088
     2.20301
     2.20035
     2.19916
     2.19937
     2.20002
     2.19918
     2.19759
     2.19989
     2.19898
     2.20047
     2.19938
     2.20038
     2.20076
     2.19890
     2.20046
     2.19907
     2.19769
     2.20010
     2.19939
     2.20078
     2.19965
     2.19750
     2.19821
     2.19941
     2.20044
     2.19911
     2.19961
     2.19522
     2.19542
     2.19635
     2.19558
     2.19588
     2.19696
     2.19689
     2.19528
     2.19522
     2.19867
     2.19623
     2.19775
     2.19831
     2.19418
     2.19320
     2.19456
     2.19541
     2.19036
     2.19194
     2.19091
     2.18651
     2.18980
     2.18487
     2.18804
     2.19362
     2.19155
     2.19351
     2.18819
     2.19049
     2.18985
     2.18481
     2.19081
     2.18705
     2.18492
     2.18268
     2.18237
     2.18582
     2.18777
     2.18795
     2.19009
     2.19225
     2.18815
     2.19350
     2.19301
     2.19094
For totalsize_avg
     0.00000
     2.49796
     2.54391
     2.57440
     2.59294
     2.59941
     2.60416
     2.60414
     2.61743
     2.61396
     2.61796
     2.60321
     2.61766
     2.62057
     2.63107
     2.62478
     2.62156
     2.63337
     2.64272
     2.64248
     2.65101
     2.64470
     2.64635
     2.66189
     2.65281
     2.65303
     2.65630
     2.65420
     2.65288
     2.65523
     2.66475
     2.66369
     2.67408
     2.67921
     2.68313
     2.68997
     2.69293
     2.68771
     2.68902
     2.69087
     2.69645
     2.69853
     2.70056
     2.69958
     2.69976
     2.70095
     2.70713
     2.70313
     2.70092
     2.70171
     2.70559
     2.70784
     2.70237
     2.71020
     2.71014
     2.70898
     2.70935
     2.71237
     2.71026
     2.71163
     2.71222
     2.71473
     2.72082
     2.71772
     2.71838
     2.72383
     2.72058
     2.72308
     2.72661
     2.72410
     2.72572
     2.72119
     2.72864
     2.72740
     2.72645
     2.72321
     2.71785
     2.72137
     2.72688
     2.72198
     2.72531
     2.72512
     2.72243
     2.72327
     2.72422
     2.72691
     2.72212
     2.72083
     2.72082
     2.71865
     2.71868
     2.72318
     2.72247
     2.72537
     2.72155
     2.72508
     2.72299
     2.72267
     2.72459
     2.72088
     2.72452
     2.72026
     2.72059
     2.72467
     2.72042
     2.72102
     2.72118
     2.71460
     2.72104
     2.72359
     2.71906
     2.71870
     2.71910
     2.71621
     2.71783
     2.71501
     2.71646
     2.71409
     2.71059
     2.71274
     2.71386
     2.71534
     2.71001
     2.70973
     2.71177
     2.70960
     2.70804
     2.71071
     2.71488
     2.71185
     2.70930
     2.70892
     2.70454
     2.70363
     2.70584
     2.70088
     2.69811
     2.69898
     2.70162
     2.70109
     2.69915
     2.69802
     2.69056
     2.69489
     2.69100
     2.69801
     2.69026
     2.69414
     2.69403
     2.69185
     2.69203
     2.68896
     2.68450
     2.68445
     2.68691
     2.68536
     2.68416
     2.68399
     2.67822
     2.68105
     2.67779
     2.67643
     2.67252
     2.67564
     2.67471
     2.67620
     2.67787
     2.66601
     2.67406
     2.66973
     2.66663
     2.66851
     2.67386
     2.66660
     2.66796
     2.66664
     2.66438
     2.67458
     2.66789
     2.66980
     2.66459
     2.66733
     2.66963
     2.67180
     2.66540
     2.66411
     2.66716
     2.66833
     2.66819
     2.67315
     2.66949
     2.66872
     2.67081
     2.66766
     2.66309
     2.67375
     2.67030
     2.67449
     2.67562
     2.67698
     2.67307
     2.67106
     2.67169
     2.66775
     2.67517
     2.67072
     2.66976
     2.67336
     2.67100
     2.67918
     2.68059
     2.67869
     2.67799
     2.67968
     2.68307
     2.68469
     2.68718
     2.68344
     2.68555
     2.68679
     2.69056
     2.69260
     2.68963
     2.68247
     2.68615
     2.68969
     2.69151
     2.69644
     2.69297
     2.69431
     2.69135
     2.69807
     2.70069
     2.69884
     2.70095
     2.69939
     2.70376
     2.70208
     2.70463
     2.70228
     2.70783
     2.70432
     2.70409
     2.70337
     2.70576
     2.70401
     2.70887
     2.70827
     2.71050
     2.71104
     2.71133
     2.71445
     2.71355
     2.71260
     2.71208
     2.71315
     2.71129
     2.70865
     2.71441
     2.71387
     2.70894
     2.71109
     2.71604
     2.71111
     2.71355
     2.70991
     2.71480
     2.71056
     2.71311
     2.71244
     2.71341
     2.70812
     2.70651
     2.71037
     2.71651
     2.70771
     2.70883
     2.70858
     2.71257
     2.70892
     2.70955
     2.70878
     2.71003
     2.71009
     2.70567
     2.70699
     2.70996
     2.71039
     2.70520
     2.70730
     2.70582
     2.70677
     2.70720
     2.70306
     2.69982
     2.70509
     2.70389
     2.70082
     2.70140
     2.70332
     2.69685
     2.69539
     2.69277
     2.69710
     2.69246
     2.69405
     2.69462
     2.69598
     2.69170
     2.68943
     2.69418
     2.69027
     2.68869
     2.69445
     2.68602
     2.68737
     2.69096
     2.68694
     2.68776
     2.68382
     2.68736
     2.68434
     2.68375
     2.68125
     2.68175
     2.67951
     2.67645
     2.67357
     2.67595
     2.67257
     2.66899
     2.66937
     2.66481
     2.66246
     2.66565
     2.66708
     2.65664
     2.65580
     2.64372
     2.65008
     2.64268
     2.64181
     2.63700
     2.64152
     2.64587
     2.64337
     2.64608
     2.64548
     2.64297
     2.64682
     2.64215
     2.63663
     2.63360
     2.63350
     2.62198
     2.62014
     2.61349
     2.61516
     2.62508
     2.63255
     2.63200
     2.62989
     2.63489
     2.63984
     2.62638
