#Mutual information between dailyf107 and time-shifted TEC intensification parameters for 2003to2022
#Array shape (ntau, ndrivers, ntec) = (365,1,6)
#F107
For num_max
     0.04410
     0.04657
     0.04607
     0.04561
     0.04355
     0.04263
     0.04214
     0.04186
     0.04219
     0.04115
     0.03947
     0.04131
     0.03954
     0.03935
     0.03859
     0.03805
     0.03670
     0.03689
     0.03509
     0.03626
     0.03714
     0.03704
     0.03807
     0.03911
     0.03924
     0.03987
     0.04153
     0.04114
     0.04205
     0.04394
     0.04259
     0.04239
     0.04148
     0.04013
     0.03911
     0.03756
     0.03821
     0.03601
     0.03793
     0.03551
     0.03579
     0.03565
     0.03571
     0.03716
     0.03738
     0.03826
     0.03829
     0.03717
     0.03794
     0.04050
     0.04020
     0.03735
     0.03815
     0.03861
     0.03953
     0.04063
     0.03886
     0.04083
     0.04041
     0.03805
     0.03763
     0.03775
     0.03721
     0.03684
     0.03618
     0.03386
     0.03357
     0.03331
     0.03375
     0.03391
     0.03507
     0.03409
     0.03494
     0.03533
     0.03407
     0.03634
     0.03765
     0.03820
     0.03546
     0.03687
     0.03805
     0.03680
     0.03690
     0.03830
     0.03904
     0.03695
     0.03569
     0.03689
     0.03619
     0.03532
     0.03412
     0.03481
     0.03273
     0.03310
     0.03429
     0.03324
     0.03358
     0.03294
     0.03402
     0.03374
     0.03548
     0.03466
     0.03417
     0.03461
     0.03437
     0.03720
     0.03660
     0.03631
     0.03561
     0.03570
     0.03636
     0.03408
     0.03346
     0.03507
     0.03411
     0.03430
     0.03436
     0.03554
     0.03469
     0.03436
     0.03255
     0.03577
     0.03293
     0.03095
     0.03274
     0.03243
     0.03074
     0.03089
     0.02930
     0.03030
     0.03136
     0.03328
     0.03286
     0.03252
     0.03315
     0.03350
     0.03200
     0.03393
     0.03420
     0.03335
     0.03501
     0.03586
     0.03684
     0.03626
     0.03461
     0.03548
     0.03282
     0.03303
     0.03227
     0.03329
     0.03178
     0.03224
     0.03107
     0.03132
     0.03077
     0.03109
     0.03205
     0.03221
     0.03262
     0.03253
     0.03270
     0.03465
     0.03365
     0.03435
     0.03478
     0.03194
     0.03224
     0.03189
     0.03132
     0.02982
     0.02893
     0.02965
     0.03145
     0.02972
     0.03078
     0.03151
     0.03237
     0.03263
     0.03163
     0.03356
     0.03192
     0.03352
     0.03207
     0.03143
     0.03250
     0.03142
     0.03020
     0.03052
     0.03047
     0.02950
     0.03030
     0.02869
     0.02900
     0.02823
     0.02859
     0.02886
     0.02866
     0.02719
     0.02802
     0.02739
     0.02667
     0.02700
     0.02897
     0.02949
     0.03044
     0.03212
     0.03295
     0.03274
     0.03203
     0.03090
     0.03079
     0.03081
     0.03175
     0.03183
     0.03053
     0.03033
     0.02848
     0.02781
     0.02812
     0.02772
     0.02748
     0.02695
     0.02841
     0.02884
     0.02790
     0.02793
     0.02698
     0.02727
     0.02617
     0.02811
     0.02939
     0.02891
     0.03108
     0.02926
     0.02839
     0.02916
     0.02917
     0.02781
     0.02750
     0.02819
     0.02805
     0.03016
     0.03032
     0.03063
     0.03043
     0.03000
     0.02883
     0.02909
     0.03031
     0.02817
     0.02921
     0.02814
     0.02759
     0.02758
     0.02682
     0.02579
     0.02529
     0.02496
     0.02520
     0.02775
     0.02568
     0.02741
     0.02808
     0.02882
     0.02797
     0.02818
     0.02874
     0.03025
     0.02936
     0.02791
     0.02773
     0.02558
     0.02573
     0.02577
     0.02432
     0.02462
     0.02523
     0.02548
     0.02599
     0.02660
     0.02670
     0.02570
     0.02573
     0.02575
     0.02514
     0.02561
     0.02869
     0.02876
     0.02664
     0.02764
     0.02611
     0.02650
     0.02571
     0.02667
     0.02740
     0.02626
     0.02941
     0.02721
     0.02629
     0.02773
     0.02681
     0.02781
     0.02621
     0.02711
     0.02782
     0.02818
     0.02786
     0.02915
     0.02916
     0.02934
     0.02875
     0.02881
     0.02742
     0.02699
     0.02598
     0.02661
     0.02553
     0.02693
     0.02552
     0.02484
     0.02574
     0.02407
     0.02465
     0.02598
     0.02684
     0.02602
     0.02601
     0.02495
     0.02521
     0.02456
     0.02453
     0.02329
     0.02437
     0.02462
     0.02416
     0.02241
     0.02223
     0.02215
     0.02384
     0.02321
     0.02157
     0.02350
     0.02477
     0.02526
     0.02536
     0.02599
     0.02604
     0.02593
     0.02518
     0.02488
     0.02557
     0.02509
     0.02509
     0.02529
     0.02428
     0.02384
     0.02432
     0.02327
     0.02369
     0.02338
     0.02340
     0.02378
     0.02194
     0.01966
     0.02025
For num_avg
     0.14483
     0.14520
     0.14506
     0.14641
     0.14410
     0.14128
     0.14143
     0.13690
     0.13453
     0.13237
     0.13060
     0.12635
     0.12275
     0.12222
     0.11936
     0.11908
     0.12216
     0.11946
     0.11955
     0.12057
     0.12300
     0.12435
     0.12872
     0.12966
     0.13138
     0.13289
     0.13455
     0.13307
     0.13491
     0.13559
     0.13656
     0.13689
     0.13395
     0.13072
     0.12813
     0.12578
     0.12238
     0.12137
     0.12159
     0.11846
     0.11744
     0.12044
     0.12311
     0.12284
     0.12259
     0.12512
     0.12749
     0.12620
     0.12534
     0.12938
     0.12978
     0.13082
     0.13109
     0.12955
     0.13129
     0.13211
     0.13164
     0.13500
     0.13311
     0.13264
     0.12906
     0.12987
     0.12780
     0.12352
     0.12276
     0.12039
     0.11768
     0.11653
     0.11797
     0.11770
     0.11594
     0.11694
     0.11957
     0.11925
     0.12451
     0.12501
     0.12332
     0.12413
     0.12544
     0.12466
     0.12343
     0.12308
     0.12132
     0.12272
     0.11968
     0.11784
     0.11737
     0.11883
     0.12019
     0.11903
     0.11829
     0.11667
     0.11824
     0.11898
     0.12085
     0.11885
     0.11722
     0.11402
     0.11468
     0.11695
     0.11627
     0.11914
     0.11721
     0.11740
     0.12329
     0.12324
     0.12778
     0.12921
     0.12839
     0.12426
     0.12458
     0.12312
     0.12061
     0.11950
     0.11842
     0.11776
     0.11788
     0.12246
     0.12051
     0.12011
     0.11747
     0.11685
     0.11299
     0.11139
     0.11356
     0.11422
     0.11247
     0.11437
     0.11518
     0.11761
     0.12207
     0.11952
     0.12053
     0.12198
     0.12252
     0.12346
     0.12300
     0.12237
     0.12199
     0.12309
     0.12278
     0.12189
     0.12100
     0.11981
     0.11977
     0.11859
     0.12277
     0.12513
     0.12014
     0.11588
     0.11523
     0.11321
     0.11010
     0.10891
     0.11053
     0.11012
     0.10958
     0.11115
     0.11233
     0.11270
     0.11441
     0.11779
     0.11696
     0.11839
     0.12068
     0.11870
     0.11701
     0.11451
     0.11666
     0.11305
     0.11149
     0.10830
     0.10937
     0.10533
     0.10732
     0.10964
     0.10610
     0.10568
     0.10950
     0.11124
     0.11043
     0.11320
     0.11357
     0.11375
     0.11628
     0.11564
     0.11402
     0.11215
     0.11254
     0.11197
     0.11491
     0.11271
     0.11022
     0.10873
     0.10915
     0.11000
     0.10865
     0.10793
     0.10887
     0.10903
     0.11021
     0.10916
     0.10977
     0.10944
     0.10971
     0.11363
     0.11214
     0.11318
     0.11586
     0.11308
     0.11673
     0.11892
     0.11722
     0.11663
     0.11513
     0.11487
     0.11222
     0.11200
     0.11130
     0.11350
     0.11253
     0.11241
     0.11121
     0.11279
     0.11011
     0.10928
     0.10955
     0.10873
     0.10685
     0.11026
     0.10927
     0.10748
     0.10734
     0.10637
     0.10437
     0.10325
     0.10235
     0.10569
     0.10604
     0.10608
     0.10918
     0.10773
     0.10792
     0.10909
     0.11100
     0.11193
     0.10979
     0.10984
     0.10949
     0.10765
     0.10267
     0.10242
     0.10287
     0.10175
     0.10274
     0.10487
     0.10023
     0.10012
     0.09934
     0.10035
     0.09680
     0.09668
     0.09834
     0.09858
     0.09991
     0.09913
     0.09877
     0.10264
     0.10202
     0.10221
     0.10133
     0.10074
     0.10100
     0.10175
     0.09737
     0.09738
     0.09486
     0.09613
     0.09652
     0.09401
     0.09674
     0.09332
     0.09283
     0.09240
     0.09286
     0.09431
     0.09585
     0.09700
     0.09510
     0.09559
     0.09603
     0.09509
     0.09336
     0.09294
     0.09439
     0.09160
     0.09777
     0.09817
     0.09682
     0.09978
     0.10334
     0.10126
     0.09754
     0.09749
     0.09718
     0.09570
     0.09638
     0.09645
     0.09675
     0.09761
     0.09471
     0.09780
     0.09712
     0.09848
     0.09397
     0.09673
     0.09725
     0.09553
     0.09530
     0.09152
     0.09159
     0.09183
     0.09171
     0.09303
     0.09609
     0.09543
     0.09547
     0.09571
     0.09616
     0.09608
     0.09322
     0.09116
     0.09087
     0.09222
     0.09390
     0.08926
     0.08800
     0.09093
     0.09198
     0.09102
     0.08900
     0.08938
     0.08901
     0.08880
     0.09108
     0.09376
     0.09386
     0.09568
     0.09159
     0.09217
     0.09149
     0.09069
     0.09139
     0.09203
     0.09255
     0.09242
     0.09149
     0.09096
     0.09241
     0.09006
     0.08798
     0.08723
     0.08768
     0.08774
     0.08620
For totalREC_max
     0.80728
     0.82015
     0.81952
     0.81015
     0.78867
     0.76716
     0.74193
     0.71648
     0.68871
     0.66915
     0.64686
     0.63310
     0.62201
     0.61593
     0.60663
     0.60429
     0.60760
     0.61071
     0.61860
     0.63116
     0.64772
     0.66279
     0.67175
     0.68494
     0.69558
     0.69850
     0.70207
     0.70551
     0.70470
     0.69689
     0.68851
     0.67583
     0.66571
     0.65675
     0.64379
     0.63281
     0.62171
     0.61473
     0.60352
     0.59494
     0.59072
     0.59014
     0.58673
     0.58862
     0.59087
     0.59283
     0.59642
     0.60085
     0.60889
     0.61498
     0.62149
     0.62678
     0.63146
     0.63622
     0.63715
     0.63785
     0.63614
     0.63311
     0.62862
     0.61956
     0.61086
     0.60254
     0.59592
     0.59261
     0.58579
     0.58152
     0.57754
     0.57317
     0.57008
     0.56699
     0.56271
     0.56125
     0.56138
     0.56494
     0.56709
     0.56756
     0.57260
     0.57824
     0.58203
     0.59053
     0.59598
     0.60036
     0.60384
     0.60260
     0.59966
     0.59876
     0.59765
     0.59295
     0.58889
     0.58626
     0.58440
     0.58272
     0.57754
     0.57409
     0.57170
     0.57005
     0.56698
     0.56407
     0.56138
     0.56266
     0.56507
     0.56804
     0.57180
     0.57918
     0.58418
     0.58942
     0.59147
     0.59434
     0.59626
     0.59679
     0.59691
     0.59419
     0.59208
     0.59293
     0.59246
     0.59008
     0.58540
     0.58047
     0.57819
     0.57435
     0.57146
     0.57051
     0.56901
     0.56760
     0.56560
     0.56570
     0.56516
     0.56639
     0.56718
     0.56234
     0.56476
     0.56477
     0.56483
     0.57084
     0.57058
     0.57695
     0.58361
     0.58719
     0.58888
     0.58726
     0.58632
     0.58679
     0.58439
     0.58067
     0.57699
     0.57354
     0.57498
     0.57037
     0.56690
     0.55866
     0.55550
     0.55445
     0.55095
     0.55459
     0.55305
     0.55152
     0.55584
     0.55156
     0.55290
     0.55446
     0.55562
     0.55376
     0.55312
     0.55410
     0.55212
     0.54911
     0.55165
     0.55070
     0.54339
     0.54073
     0.53765
     0.53550
     0.53057
     0.52711
     0.52488
     0.52312
     0.52622
     0.52815
     0.52857
     0.52675
     0.52611
     0.52530
     0.52542
     0.52419
     0.52004
     0.52023
     0.51915
     0.51816
     0.51844
     0.51524
     0.51807
     0.51458
     0.51171
     0.50977
     0.50565
     0.50766
     0.50932
     0.50680
     0.50526
     0.50436
     0.50376
     0.50281
     0.50169
     0.50200
     0.50122
     0.50280
     0.50197
     0.50103
     0.49830
     0.49796
     0.49692
     0.49907
     0.49911
     0.49685
     0.49399
     0.49201
     0.48805
     0.48471
     0.48361
     0.48127
     0.47809
     0.47714
     0.47510
     0.47531
     0.47639
     0.47607
     0.47533
     0.47323
     0.47190
     0.47156
     0.47194
     0.47175
     0.47257
     0.47216
     0.47381
     0.47322
     0.47086
     0.46939
     0.46994
     0.46940
     0.46597
     0.46536
     0.46306
     0.45975
     0.45806
     0.45629
     0.45483
     0.45184
     0.44971
     0.44714
     0.44410
     0.44219
     0.43782
     0.43654
     0.43586
     0.43491
     0.43337
     0.43504
     0.43200
     0.43336
     0.43475
     0.43515
     0.43527
     0.43671
     0.44043
     0.44233
     0.44164
     0.44064
     0.43741
     0.43988
     0.43821
     0.43429
     0.43030
     0.42586
     0.42219
     0.41932
     0.41812
     0.41639
     0.41407
     0.41264
     0.40924
     0.40551
     0.40552
     0.40667
     0.40618
     0.40749
     0.40926
     0.41203
     0.41404
     0.41722
     0.42113
     0.42367
     0.42673
     0.42843
     0.43107
     0.42499
     0.42131
     0.41865
     0.41995
     0.41903
     0.41504
     0.41030
     0.41533
     0.41485
     0.40946
     0.40636
     0.40257
     0.40035
     0.40018
     0.40126
     0.40277
     0.40368
     0.40263
     0.40375
     0.40599
     0.40849
     0.41029
     0.41213
     0.41492
     0.41438
     0.41616
     0.41602
     0.41590
     0.41955
     0.41666
     0.41243
     0.40712
     0.40445
     0.40054
     0.39728
     0.39419
     0.39100
     0.39052
     0.38792
     0.38789
     0.38665
     0.38808
     0.38614
     0.38223
     0.38300
     0.38284
     0.38440
     0.38531
     0.38639
     0.38612
     0.38687
     0.38452
     0.38394
     0.38245
     0.37952
     0.37396
     0.37334
     0.37137
     0.36917
     0.36744
     0.36613
     0.36666
     0.36308
     0.36112
     0.36071
     0.35732
     0.35400
     0.35315
     0.35282
     0.34891
For totalREC_avg
     0.86711
     0.87825
     0.87513
     0.85654
     0.83416
     0.80993
     0.78748
     0.76232
     0.73469
     0.70717
     0.68558
     0.67088
     0.65610
     0.64890
     0.64270
     0.64142
     0.64097
     0.64569
     0.65545
     0.66769
     0.68194
     0.69967
     0.71324
     0.72697
     0.73664
     0.74828
     0.75793
     0.75886
     0.75764
     0.74944
     0.73648
     0.72342
     0.70822
     0.69537
     0.68024
     0.66953
     0.65545
     0.64520
     0.63945
     0.62904
     0.62259
     0.62153
     0.62099
     0.62200
     0.62301
     0.62628
     0.62781
     0.63432
     0.63886
     0.64416
     0.65224
     0.65629
     0.66137
     0.66581
     0.67005
     0.67173
     0.67516
     0.67226
     0.66731
     0.65932
     0.65043
     0.64329
     0.63530
     0.62691
     0.61993
     0.61357
     0.61121
     0.60554
     0.59982
     0.59802
     0.59319
     0.59191
     0.59273
     0.59516
     0.59721
     0.60264
     0.60662
     0.61081
     0.61795
     0.62468
     0.62470
     0.62725
     0.63113
     0.63445
     0.63299
     0.63000
     0.62620
     0.62298
     0.61985
     0.61641
     0.61201
     0.60682
     0.60094
     0.59934
     0.59765
     0.59555
     0.59358
     0.59252
     0.59229
     0.59378
     0.59328
     0.59717
     0.60651
     0.61284
     0.62037
     0.62364
     0.62557
     0.62808
     0.63023
     0.62839
     0.62573
     0.62492
     0.62262
     0.62062
     0.61593
     0.61372
     0.61043
     0.60713
     0.60756
     0.60263
     0.60091
     0.59997
     0.60033
     0.59777
     0.59833
     0.59812
     0.59969
     0.60299
     0.60432
     0.60711
     0.61000
     0.60944
     0.60897
     0.61265
     0.61199
     0.61220
     0.61339
     0.61589
     0.61691
     0.61617
     0.61126
     0.60680
     0.60453
     0.60450
     0.60364
     0.60248
     0.60148
     0.59695
     0.59348
     0.58975
     0.58841
     0.58409
     0.58551
     0.58553
     0.58274
     0.58241
     0.58324
     0.58072
     0.57758
     0.57472
     0.57427
     0.57532
     0.57380
     0.57251
     0.57052
     0.57115
     0.57114
     0.56612
     0.56237
     0.55721
     0.55296
     0.55138
     0.55122
     0.54671
     0.54530
     0.54537
     0.54735
     0.54820
     0.55228
     0.55154
     0.55243
     0.55075
     0.55179
     0.55238
     0.55028
     0.55062
     0.54899
     0.54638
     0.54598
     0.54233
     0.54305
     0.54014
     0.53633
     0.53486
     0.52933
     0.52801
     0.52762
     0.52485
     0.52297
     0.52029
     0.52180
     0.52090
     0.52033
     0.52110
     0.51978
     0.52018
     0.52114
     0.51990
     0.52435
     0.52039
     0.52165
     0.52147
     0.52012
     0.51991
     0.51747
     0.51622
     0.51472
     0.51123
     0.50713
     0.50338
     0.50096
     0.49938
     0.49697
     0.49660
     0.49372
     0.49373
     0.49326
     0.49408
     0.49141
     0.49237
     0.49179
     0.49107
     0.49115
     0.48984
     0.49188
     0.49067
     0.49274
     0.49462
     0.49656
     0.49520
     0.49639
     0.49691
     0.49276
     0.49046
     0.48904
     0.48665
     0.48485
     0.48301
     0.47793
     0.47186
     0.46923
     0.46792
     0.46448
     0.46096
     0.46045
     0.46206
     0.46094
     0.45938
     0.45623
     0.45738
     0.45785
     0.45688
     0.45542
     0.45895
     0.46057
     0.46015
     0.46107
     0.46207
     0.46108
     0.45860
     0.45792
     0.45643
     0.45153
     0.44846
     0.44823
     0.44501
     0.44426
     0.44025
     0.43693
     0.43491
     0.43336
     0.43388
     0.43097
     0.43178
     0.43259
     0.43531
     0.43623
     0.43666
     0.44041
     0.44471
     0.44774
     0.45072
     0.45132
     0.45190
     0.44982
     0.44677
     0.44398
     0.44175
     0.44166
     0.44109
     0.44034
     0.43234
     0.43054
     0.42931
     0.42541
     0.42359
     0.42013
     0.41630
     0.41546
     0.41397
     0.41374
     0.41532
     0.41661
     0.41918
     0.42379
     0.42378
     0.42361
     0.42526
     0.42547
     0.42488
     0.42592
     0.42724
     0.42616
     0.42706
     0.42414
     0.41797
     0.41449
     0.41134
     0.40903
     0.40580
     0.40403
     0.40183
     0.39921
     0.39735
     0.39753
     0.39710
     0.39617
     0.39464
     0.39375
     0.39113
     0.39162
     0.39274
     0.39643
     0.39574
     0.39306
     0.39407
     0.39015
     0.39133
     0.38989
     0.38620
     0.38077
     0.37811
     0.37525
     0.37393
     0.37076
     0.37171
     0.36999
     0.36826
     0.36746
     0.36519
     0.36337
     0.36070
     0.35833
     0.35552
     0.35616
For totalsize_max
     0.04355
     0.04229
     0.04045
     0.04165
     0.04224
     0.04035
     0.04042
     0.04111
     0.04104
     0.03977
     0.04234
     0.04174
     0.03954
     0.03994
     0.03998
     0.03808
     0.03718
     0.03979
     0.03841
     0.03762
     0.03768
     0.03712
     0.03697
     0.03702
     0.03751
     0.03531
     0.03540
     0.03679
     0.03389
     0.03531
     0.03573
     0.03734
     0.03845
     0.03708
     0.03607
     0.03609
     0.03488
     0.03384
     0.03412
     0.03539
     0.03398
     0.03555
     0.03664
     0.03590
     0.03524
     0.03330
     0.03248
     0.03322
     0.03093
     0.02954
     0.02984
     0.02966
     0.03031
     0.03164
     0.03294
     0.03437
     0.03322
     0.03451
     0.03523
     0.03573
     0.03628
     0.03592
     0.03523
     0.03458
     0.03294
     0.03304
     0.03424
     0.03101
     0.03164
     0.03204
     0.03375
     0.03194
     0.02996
     0.02871
     0.02914
     0.02963
     0.02951
     0.03140
     0.03380
     0.03391
     0.03438
     0.03332
     0.03581
     0.03406
     0.03421
     0.03445
     0.03402
     0.03600
     0.03629
     0.03426
     0.03765
     0.03302
     0.03248
     0.03027
     0.03193
     0.03030
     0.02884
     0.02955
     0.02995
     0.03087
     0.03294
     0.03255
     0.03155
     0.03178
     0.03429
     0.03411
     0.03353
     0.03350
     0.03198
     0.03351
     0.03245
     0.03281
     0.03323
     0.03330
     0.03503
     0.03601
     0.03533
     0.03608
     0.03462
     0.03316
     0.03233
     0.03265
     0.03170
     0.03184
     0.03162
     0.03075
     0.03119
     0.03291
     0.03243
     0.03243
     0.03513
     0.03516
     0.03325
     0.03129
     0.03085
     0.03166
     0.02927
     0.02783
     0.02915
     0.02859
     0.02795
     0.03079
     0.02954
     0.02722
     0.02813
     0.02782
     0.02556
     0.02732
     0.02663
     0.02820
     0.02858
     0.02965
     0.02997
     0.03003
     0.03092
     0.03118
     0.03120
     0.03179
     0.03334
     0.03107
     0.03058
     0.03036
     0.03032
     0.02961
     0.03138
     0.03103
     0.03171
     0.03133
     0.03206
     0.03090
     0.03076
     0.03142
     0.03126
     0.03285
     0.03008
     0.03005
     0.03123
     0.03162
     0.03157
     0.03139
     0.03384
     0.03540
     0.03292
     0.03151
     0.03235
     0.03419
     0.03483
     0.03548
     0.03376
     0.03355
     0.03412
     0.03437
     0.03312
     0.03357
     0.03380
     0.03183
     0.03308
     0.03233
     0.03113
     0.02960
     0.02954
     0.02793
     0.02963
     0.02863
     0.03168
     0.03071
     0.03174
     0.03132
     0.02995
     0.02919
     0.03005
     0.02978
     0.02905
     0.02941
     0.03024
     0.03154
     0.03421
     0.03384
     0.03343
     0.03323
     0.03316
     0.03176
     0.03142
     0.03322
     0.03378
     0.03339
     0.03049
     0.02951
     0.02823
     0.02755
     0.02828
     0.02832
     0.02805
     0.02862
     0.02571
     0.02651
     0.02618
     0.02745
     0.02995
     0.03269
     0.03121
     0.03264
     0.03204
     0.03055
     0.02986
     0.03064
     0.03058
     0.02901
     0.03037
     0.02784
     0.02649
     0.02492
     0.02567
     0.02637
     0.02747
     0.02539
     0.02527
     0.02461
     0.02468
     0.02610
     0.02663
     0.02617
     0.02663
     0.02650
     0.02960
     0.02692
     0.02816
     0.02720
     0.02850
     0.02674
     0.02579
     0.02601
     0.02563
     0.02739
     0.02823
     0.02597
     0.02807
     0.02670
     0.02694
     0.02779
     0.02603
     0.02603
     0.02693
     0.02707
     0.02548
     0.02555
     0.02535
     0.02419
     0.02573
     0.02626
     0.02562
     0.02693
     0.02805
     0.02706
     0.02606
     0.02532
     0.02581
     0.02606
     0.02756
     0.02748
     0.02839
     0.02806
     0.02853
     0.02960
     0.03067
     0.02998
     0.03114
     0.03188
     0.03180
     0.03027
     0.02893
     0.02704
     0.02519
     0.02332
     0.02256
     0.02728
     0.02683
     0.02794
     0.02724
     0.02672
     0.02794
     0.02775
     0.02867
     0.02616
     0.02822
     0.02851
     0.02710
     0.02632
     0.02693
     0.02748
     0.02765
     0.02975
     0.02774
     0.02783
     0.02497
     0.02695
     0.02643
     0.02336
     0.02635
     0.02608
     0.02639
     0.02588
     0.02664
     0.02443
     0.02315
     0.02177
     0.02246
     0.02272
     0.02501
     0.02153
     0.02147
     0.02213
     0.02459
     0.02448
     0.02481
     0.02612
     0.02730
     0.02845
     0.02902
     0.02772
     0.02850
     0.02821
     0.02553
     0.02564
     0.02373
For totalsize_avg
     0.24274
     0.24014
     0.23947
     0.23916
     0.23606
     0.23506
     0.23043
     0.22696
     0.22222
     0.21669
     0.21727
     0.21666
     0.21004
     0.20880
     0.20451
     0.20317
     0.20326
     0.20413
     0.20399
     0.20526
     0.20680
     0.21324
     0.21592
     0.21645
     0.21751
     0.22198
     0.22287
     0.22347
     0.22095
     0.21846
     0.22040
     0.21840
     0.21447
     0.20958
     0.20878
     0.20380
     0.19826
     0.19445
     0.19190
     0.19050
     0.19067
     0.19246
     0.19088
     0.18779
     0.18829
     0.18810
     0.18742
     0.18978
     0.19379
     0.19754
     0.19624
     0.19612
     0.19841
     0.19599
     0.19744
     0.19846
     0.19629
     0.19984
     0.19644
     0.19312
     0.19508
     0.19536
     0.19420
     0.19129
     0.18804
     0.18523
     0.18676
     0.18405
     0.18429
     0.17912
     0.17954
     0.17663
     0.17649
     0.17997
     0.17856
     0.17709
     0.17888
     0.18442
     0.18419
     0.18690
     0.19081
     0.19042
     0.19009
     0.19147
     0.19080
     0.18885
     0.18802
     0.18959
     0.18909
     0.18914
     0.18828
     0.18248
     0.18333
     0.18196
     0.18317
     0.18246
     0.18277
     0.18177
     0.18222
     0.18402
     0.18764
     0.18822
     0.18490
     0.18185
     0.18234
     0.18636
     0.18547
     0.18559
     0.18669
     0.18971
     0.18976
     0.19157
     0.19000
     0.19007
     0.19308
     0.19494
     0.19321
     0.19120
     0.19155
     0.19091
     0.18500
     0.18380
     0.18461
     0.17935
     0.17919
     0.17969
     0.18098
     0.17980
     0.18109
     0.18558
     0.18252
     0.18325
     0.18123
     0.18173
     0.17964
     0.18001
     0.18265
     0.18564
     0.18295
     0.18186
     0.18421
     0.18540
     0.18427
     0.18649
     0.18542
     0.18239
     0.17681
     0.17733
     0.17618
     0.17697
     0.17817
     0.17889
     0.17983
     0.17650
     0.17583
     0.17368
     0.17638
     0.17959
     0.18012
     0.17757
     0.17408
     0.17405
     0.17187
     0.17184
     0.17432
     0.17471
     0.17434
     0.17604
     0.17737
     0.17642
     0.17783
     0.17530
     0.17273
     0.17633
     0.17520
     0.17442
     0.17760
     0.17577
     0.17746
     0.17711
     0.17836
     0.18035
     0.17760
     0.17676
     0.17902
     0.17884
     0.17802
     0.17954
     0.17755
     0.17779
     0.17365
     0.17525
     0.17256
     0.17298
     0.17026
     0.16900
     0.17008
     0.17128
     0.16934
     0.16894
     0.16838
     0.16953
     0.17193
     0.17014
     0.16999
     0.16729
     0.16519
     0.16853
     0.16621
     0.16483
     0.16259
     0.16305
     0.16317
     0.16717
     0.16427
     0.16933
     0.16893
     0.16738
     0.16814
     0.16556
     0.16226
     0.16049
     0.16646
     0.16246
     0.16316
     0.15920
     0.15810
     0.16164
     0.16241
     0.16445
     0.16230
     0.16265
     0.16240
     0.16398
     0.16226
     0.16067
     0.16241
     0.16407
     0.16124
     0.16075
     0.16241
     0.16014
     0.15693
     0.15598
     0.15470
     0.15191
     0.15481
     0.15449
     0.15434
     0.15067
     0.14939
     0.14979
     0.15074
     0.14745
     0.14636
     0.14768
     0.14648
     0.14493
     0.14878
     0.14733
     0.14782
     0.15250
     0.15176
     0.15231
     0.14768
     0.14661
     0.14766
     0.14663
     0.14471
     0.14582
     0.14614
     0.14164
     0.14560
     0.14219
     0.14002
     0.14008
     0.13918
     0.13822
     0.13770
     0.13616
     0.13928
     0.13920
     0.13753
     0.13885
     0.14044
     0.14299
     0.14454
     0.14420
     0.14263
     0.14136
     0.14078
     0.14285
     0.14198
     0.14259
     0.14124
     0.13943
     0.13845
     0.13992
     0.14133
     0.13955
     0.14020
     0.13959
     0.13716
     0.14055
     0.14342
     0.14182
     0.13965
     0.14281
     0.13812
     0.13928
     0.13941
     0.13582
     0.13508
     0.13415
     0.13819
     0.14135
     0.14169
     0.14068
     0.13877
     0.13947
     0.13830
     0.13687
     0.13658
     0.13633
     0.13802
     0.13685
     0.13569
     0.13499
     0.13415
     0.13280
     0.13392
     0.13301
     0.13241
     0.13149
     0.13230
     0.13240
     0.13069
     0.13013
     0.13014
     0.12851
     0.12617
     0.12754
     0.12965
     0.12712
     0.12384
     0.12330
     0.12310
     0.12159
     0.12033
     0.11748
     0.11634
     0.11883
     0.12064
     0.11988
     0.12151
     0.12368
     0.12424
     0.12725
     0.12685
     0.12571
     0.12340
     0.12417
     0.12110
     0.12113
     0.12113
