#Transfer entropy from dailyf107 to time-shifted TEC intensification parameters for 2003to2022
#Array shape (ntau, ndrivers, ntec) = (365,1,6)
#F107
For num_max
    -0.00000
     0.05132
     0.04592
     0.04731
     0.04714
     0.04609
     0.04879
     0.04620
     0.04546
     0.05111
     0.04675
     0.04628
     0.04328
     0.04605
     0.04610
     0.04589
     0.04301
     0.04430
     0.04414
     0.04449
     0.04575
     0.04746
     0.05003
     0.04858
     0.05066
     0.05205
     0.05521
     0.05117
     0.05341
     0.05616
     0.05327
     0.05392
     0.05425
     0.05284
     0.05381
     0.05158
     0.05339
     0.04930
     0.05389
     0.04856
     0.05070
     0.04901
     0.04901
     0.05310
     0.05137
     0.05540
     0.05406
     0.05165
     0.05732
     0.05800
     0.05716
     0.05739
     0.05511
     0.05819
     0.05612
     0.05977
     0.05652
     0.05716
     0.05945
     0.06026
     0.05774
     0.05765
     0.05656
     0.05687
     0.05743
     0.05476
     0.05507
     0.05411
     0.05722
     0.05770
     0.05891
     0.05831
     0.05797
     0.05818
     0.05758
     0.05826
     0.05864
     0.06063
     0.05937
     0.06144
     0.06268
     0.06122
     0.06248
     0.06315
     0.06359
     0.06323
     0.06331
     0.06419
     0.06320
     0.06172
     0.06260
     0.06292
     0.06090
     0.06202
     0.06290
     0.06108
     0.05990
     0.06300
     0.06552
     0.06376
     0.06562
     0.06651
     0.06502
     0.06443
     0.06537
     0.06644
     0.06896
     0.06449
     0.06870
     0.06681
     0.06919
     0.06681
     0.06875
     0.06977
     0.06701
     0.07145
     0.06822
     0.06920
     0.06794
     0.06762
     0.06785
     0.07105
     0.06594
     0.06518
     0.06709
     0.06719
     0.06468
     0.06599
     0.06278
     0.06736
     0.06764
     0.07158
     0.07031
     0.06812
     0.06797
     0.06791
     0.06617
     0.07056
     0.06982
     0.06614
     0.07133
     0.06971
     0.07314
     0.07366
     0.06909
     0.06925
     0.06664
     0.07023
     0.06892
     0.06962
     0.06765
     0.07037
     0.06888
     0.06761
     0.06864
     0.06972
     0.06933
     0.06756
     0.06923
     0.06891
     0.07215
     0.07357
     0.07484
     0.07065
     0.07284
     0.07319
     0.07248
     0.06963
     0.07096
     0.06857
     0.07065
     0.07216
     0.07455
     0.07743
     0.07583
     0.07339
     0.07524
     0.07713
     0.07787
     0.07706
     0.07602
     0.07713
     0.07720
     0.07587
     0.07651
     0.07496
     0.07489
     0.07504
     0.07572
     0.07343
     0.07477
     0.07207
     0.07533
     0.07479
     0.07455
     0.07454
     0.07525
     0.07533
     0.07595
     0.07450
     0.07304
     0.07677
     0.07581
     0.07639
     0.07708
     0.07972
     0.08264
     0.08278
     0.08322
     0.08129
     0.08217
     0.08224
     0.08231
     0.08102
     0.08233
     0.07982
     0.07970
     0.07561
     0.08047
     0.08073
     0.07767
     0.08015
     0.07937
     0.07902
     0.08243
     0.08099
     0.08149
     0.08266
     0.08611
     0.08610
     0.08586
     0.08463
     0.09029
     0.08946
     0.08660
     0.08930
     0.08883
     0.08625
     0.08877
     0.08992
     0.09063
     0.09258
     0.09615
     0.09199
     0.09420
     0.09396
     0.09086
     0.09240
     0.09337
     0.08907
     0.09059
     0.09245
     0.09008
     0.09341
     0.09491
     0.09312
     0.09382
     0.09351
     0.09196
     0.09664
     0.09202
     0.09546
     0.09490
     0.09900
     0.09565
     0.09647
     0.09801
     0.09975
     0.09627
     0.09787
     0.09718
     0.09769
     0.09657
     0.09669
     0.09689
     0.09646
     0.09928
     0.09691
     0.10013
     0.10045
     0.10113
     0.09781
     0.10138
     0.09797
     0.09877
     0.10023
     0.10281
     0.10380
     0.10052
     0.10075
     0.09939
     0.10055
     0.10501
     0.10342
     0.10255
     0.10076
     0.10798
     0.10164
     0.10114
     0.10454
     0.10508
     0.10320
     0.10180
     0.10564
     0.10308
     0.10707
     0.10307
     0.10419
     0.10489
     0.10661
     0.10577
     0.10774
     0.10554
     0.10386
     0.10396
     0.10315
     0.10227
     0.10357
     0.10387
     0.10331
     0.10299
     0.10087
     0.10411
     0.10210
     0.10479
     0.10439
     0.10418
     0.10356
     0.10147
     0.10533
     0.10356
     0.10180
     0.10465
     0.10225
     0.10296
     0.10417
     0.10321
     0.10172
     0.10214
     0.10225
     0.10147
     0.10823
     0.10655
     0.10469
     0.10639
     0.10542
     0.10604
     0.10655
     0.10335
     0.10521
     0.10594
     0.10313
     0.10386
     0.10365
     0.10359
     0.10451
     0.10318
     0.10432
     0.10507
     0.10172
     0.10378
     0.10404
     0.10464
     0.10242
     0.10045
For num_avg
    -0.00000
     0.12250
     0.12931
     0.13398
     0.13526
     0.13647
     0.13536
     0.13578
     0.14072
     0.13447
     0.13921
     0.13082
     0.12913
     0.13008
     0.12905
     0.12776
     0.12808
     0.12535
     0.13833
     0.14199
     0.14125
     0.14537
     0.13793
     0.14995
     0.15229
     0.15802
     0.15278
     0.14532
     0.14882
     0.15081
     0.15167
     0.16284
     0.15351
     0.15691
     0.15994
     0.15612
     0.15817
     0.15684
     0.15748
     0.15945
     0.16179
     0.16176
     0.16695
     0.16016
     0.15931
     0.15976
     0.16094
     0.16528
     0.16606
     0.17339
     0.17391
     0.17787
     0.18284
     0.17522
     0.18442
     0.18356
     0.17879
     0.18229
     0.18795
     0.18622
     0.18140
     0.18767
     0.18626
     0.18086
     0.18655
     0.18605
     0.17841
     0.18429
     0.17926
     0.17940
     0.18481
     0.18372
     0.18250
     0.17793
     0.18679
     0.18849
     0.18781
     0.19743
     0.19640
     0.19461
     0.19792
     0.19411
     0.19185
     0.20100
     0.19343
     0.19773
     0.19905
     0.19587
     0.20080
     0.19796
     0.19403
     0.19598
     0.19708
     0.19899
     0.20352
     0.20694
     0.20945
     0.20298
     0.21083
     0.20887
     0.20483
     0.20416
     0.20743
     0.20429
     0.21040
     0.20978
     0.21467
     0.21290
     0.21459
     0.21354
     0.21599
     0.21598
     0.21792
     0.21314
     0.20497
     0.21196
     0.20324
     0.21274
     0.20777
     0.21353
     0.20100
     0.20659
     0.20346
     0.19930
     0.21245
     0.21366
     0.21304
     0.20650
     0.20432
     0.21242
     0.20711
     0.20871
     0.21193
     0.20997
     0.21334
     0.21557
     0.20603
     0.21668
     0.21010
     0.20717
     0.21396
     0.20474
     0.21026
     0.21131
     0.20580
     0.20644
     0.20455
     0.20648
     0.20265
     0.20190
     0.19779
     0.20655
     0.19746
     0.19498
     0.19483
     0.19865
     0.19671
     0.19992
     0.19926
     0.19787
     0.19886
     0.19626
     0.20229
     0.20089
     0.20004
     0.20270
     0.20401
     0.19582
     0.20295
     0.19872
     0.20616
     0.19714
     0.20047
     0.19686
     0.19474
     0.19904
     0.19285
     0.19612
     0.19579
     0.19479
     0.19320
     0.20012
     0.20372
     0.20421
     0.20442
     0.20985
     0.20833
     0.20313
     0.21136
     0.20172
     0.20584
     0.20310
     0.19502
     0.19898
     0.19862
     0.19541
     0.19776
     0.21368
     0.20331
     0.20332
     0.20750
     0.20175
     0.20525
     0.20265
     0.20986
     0.21205
     0.20955
     0.20689
     0.20702
     0.20200
     0.21421
     0.21514
     0.21504
     0.21673
     0.21066
     0.21092
     0.21615
     0.21110
     0.21191
     0.21239
     0.20893
     0.21426
     0.21526
     0.21755
     0.21932
     0.21215
     0.21638
     0.21420
     0.21484
     0.22147
     0.22012
     0.21730
     0.22050
     0.21646
     0.21932
     0.21766
     0.21755
     0.22134
     0.22567
     0.22825
     0.22370
     0.22774
     0.23117
     0.22764
     0.23339
     0.23951
     0.23023
     0.23201
     0.22727
     0.22639
     0.21890
     0.22115
     0.21512
     0.21980
     0.22384
     0.22558
     0.23318
     0.22740
     0.22336
     0.23182
     0.22456
     0.21927
     0.21836
     0.22180
     0.22808
     0.22596
     0.22253
     0.23155
     0.21966
     0.22242
     0.22040
     0.22889
     0.22946
     0.22951
     0.22703
     0.22604
     0.22634
     0.22318
     0.21968
     0.22148
     0.21915
     0.21465
     0.21035
     0.21588
     0.22095
     0.21659
     0.22765
     0.21859
     0.21644
     0.22234
     0.21625
     0.21946
     0.21865
     0.21770
     0.21556
     0.21588
     0.22415
     0.22414
     0.21797
     0.22344
     0.22575
     0.22844
     0.22273
     0.22106
     0.22608
     0.21837
     0.22060
     0.21416
     0.21815
     0.21760
     0.21708
     0.21222
     0.21256
     0.21235
     0.20697
     0.20696
     0.21440
     0.21075
     0.20898
     0.20309
     0.20469
     0.20705
     0.20620
     0.20529
     0.20541
     0.20694
     0.20219
     0.19896
     0.20683
     0.20616
     0.20199
     0.20832
     0.20525
     0.21098
     0.20667
     0.19753
     0.19198
     0.19036
     0.20113
     0.19627
     0.19575
     0.19469
     0.20291
     0.19626
     0.19804
     0.20722
     0.21321
     0.21061
     0.20392
     0.20042
     0.20104
     0.20455
     0.19982
     0.20208
     0.20287
     0.19838
     0.19476
     0.19312
     0.21045
     0.20580
     0.20124
     0.20392
     0.20562
     0.19924
     0.19262
For totalREC_max
    -0.00000
     0.06052
     0.07149
     0.07593
     0.07354
     0.06623
     0.06706
     0.06736
     0.06613
     0.06652
     0.06368
     0.06428
     0.06789
     0.07402
     0.07388
     0.07294
     0.07587
     0.07456
     0.06990
     0.07473
     0.07333
     0.07862
     0.08249
     0.08378
     0.09061
     0.08478
     0.08822
     0.09661
     0.09776
     0.09968
     0.10115
     0.10016
     0.10135
     0.10184
     0.09910
     0.10478
     0.10986
     0.11385
     0.11420
     0.10873
     0.11272
     0.11474
     0.11393
     0.11741
     0.12510
     0.12626
     0.12915
     0.12965
     0.13243
     0.13571
     0.14447
     0.14832
     0.15223
     0.15631
     0.16374
     0.16623
     0.17312
     0.17186
     0.17275
     0.17135
     0.16893
     0.16638
     0.16772
     0.16925
     0.17327
     0.17605
     0.17623
     0.17915
     0.18033
     0.17900
     0.18078
     0.17920
     0.18593
     0.19274
     0.19649
     0.19651
     0.20321
     0.20783
     0.21472
     0.22264
     0.22805
     0.23203
     0.23835
     0.24211
     0.24677
     0.25092
     0.25396
     0.24502
     0.24627
     0.24773
     0.25223
     0.24818
     0.24544
     0.24579
     0.24671
     0.24778
     0.25130
     0.24562
     0.24324
     0.24609
     0.24632
     0.25099
     0.25378
     0.26047
     0.26531
     0.26746
     0.27055
     0.27572
     0.27754
     0.28257
     0.28036
     0.27637
     0.27527
     0.27817
     0.28246
     0.27718
     0.27280
     0.26598
     0.26128
     0.25692
     0.24996
     0.25539
     0.24860
     0.24649
     0.24536
     0.23918
     0.23757
     0.23791
     0.23792
     0.22830
     0.23193
     0.22913
     0.22423
     0.22540
     0.22286
     0.22577
     0.23063
     0.23321
     0.23425
     0.23435
     0.23379
     0.23124
     0.22971
     0.22532
     0.21975
     0.21574
     0.21148
     0.20784
     0.20614
     0.19618
     0.18911
     0.18919
     0.18996
     0.18318
     0.18462
     0.18197
     0.18114
     0.17496
     0.17551
     0.17624
     0.18075
     0.17846
     0.17745
     0.18359
     0.18007
     0.17607
     0.18002
     0.18018
     0.17118
     0.17357
     0.16891
     0.17011
     0.16604
     0.16195
     0.15795
     0.15877
     0.16068
     0.15989
     0.16034
     0.15658
     0.15581
     0.15883
     0.16291
     0.16473
     0.16008
     0.16268
     0.16137
     0.16041
     0.16075
     0.15870
     0.16059
     0.16299
     0.16183
     0.16363
     0.16266
     0.17149
     0.17391
     0.17288
     0.17405
     0.17262
     0.17308
     0.17072
     0.17327
     0.17680
     0.17532
     0.17477
     0.17780
     0.18060
     0.18321
     0.18276
     0.18261
     0.18432
     0.18742
     0.19059
     0.18842
     0.19494
     0.19231
     0.19551
     0.19578
     0.19188
     0.19983
     0.20022
     0.20656
     0.21098
     0.21561
     0.22055
     0.22234
     0.21688
     0.21221
     0.20988
     0.21009
     0.21410
     0.21723
     0.22104
     0.22412
     0.22374
     0.22570
     0.22819
     0.22974
     0.23731
     0.23699
     0.23378
     0.23607
     0.23500
     0.23778
     0.24032
     0.24511
     0.23950
     0.23952
     0.23949
     0.24091
     0.24421
     0.23744
     0.23684
     0.23632
     0.24427
     0.23924
     0.24613
     0.24282
     0.24333
     0.24725
     0.24683
     0.24503
     0.25095
     0.25512
     0.25455
     0.25846
     0.25350
     0.25102
     0.25106
     0.25119
     0.25120
     0.25112
     0.24807
     0.24422
     0.24542
     0.24560
     0.24238
     0.24130
     0.24241
     0.24112
     0.23447
     0.24004
     0.23556
     0.22988
     0.23078
     0.23164
     0.23035
     0.23044
     0.22895
     0.23447
     0.23484
     0.23517
     0.23626
     0.23854
     0.23430
     0.23386
     0.23284
     0.23363
     0.23457
     0.23107
     0.22498
     0.23062
     0.23219
     0.22615
     0.22300
     0.22211
     0.21671
     0.21330
     0.20663
     0.20310
     0.20352
     0.20093
     0.20450
     0.20290
     0.20021
     0.19916
     0.19579
     0.19998
     0.19536
     0.19959
     0.19945
     0.19714
     0.20020
     0.19810
     0.19487
     0.19514
     0.18534
     0.18336
     0.18043
     0.17871
     0.17599
     0.18315
     0.17848
     0.18265
     0.18431
     0.18108
     0.18154
     0.17375
     0.18025
     0.17493
     0.17396
     0.17619
     0.17350
     0.17061
     0.17167
     0.16879
     0.17415
     0.17226
     0.17618
     0.16876
     0.16349
     0.16535
     0.16652
     0.16528
     0.16936
     0.17147
     0.17194
     0.17558
     0.17417
     0.16989
     0.16984
     0.16903
     0.16683
     0.16964
For totalREC_avg
    -0.00000
     0.04805
     0.05882
     0.05930
     0.06041
     0.06368
     0.06796
     0.06882
     0.07280
     0.07413
     0.08110
     0.09131
     0.08816
     0.09722
     0.10448
     0.10629
     0.10256
     0.10339
     0.10073
     0.09560
     0.09436
     0.09528
     0.09627
     0.09806
     0.09433
     0.09926
     0.10461
     0.11131
     0.11477
     0.11253
     0.11699
     0.11642
     0.11378
     0.11633
     0.11923
     0.11989
     0.12328
     0.12129
     0.12741
     0.12987
     0.12890
     0.13529
     0.13630
     0.14304
     0.14554
     0.14892
     0.14829
     0.15222
     0.15395
     0.15577
     0.16028
     0.16891
     0.17519
     0.18005
     0.18652
     0.18555
     0.19159
     0.19201
     0.19653
     0.19481
     0.19322
     0.19174
     0.19254
     0.19598
     0.19721
     0.19963
     0.20408
     0.20378
     0.20993
     0.21064
     0.21066
     0.21196
     0.21281
     0.22347
     0.22638
     0.22993
     0.24054
     0.24160
     0.24623
     0.25024
     0.25205
     0.26431
     0.27389
     0.27747
     0.27669
     0.27831
     0.27786
     0.27752
     0.27887
     0.27510
     0.27596
     0.28224
     0.28123
     0.27722
     0.27700
     0.27699
     0.27372
     0.27294
     0.27619
     0.27572
     0.27377
     0.28162
     0.28209
     0.28642
     0.29270
     0.29361
     0.29881
     0.29743
     0.29813
     0.30518
     0.30407
     0.30368
     0.30064
     0.30109
     0.29182
     0.28878
     0.28543
     0.28364
     0.27917
     0.27635
     0.27369
     0.26610
     0.26619
     0.26404
     0.26012
     0.26367
     0.25550
     0.25526
     0.25759
     0.25313
     0.25618
     0.25733
     0.25001
     0.24987
     0.24663
     0.24312
     0.24029
     0.23708
     0.23741
     0.24229
     0.23410
     0.22456
     0.22242
     0.22279
     0.22170
     0.21430
     0.21061
     0.20964
     0.20735
     0.19942
     0.19866
     0.19821
     0.19613
     0.19436
     0.18861
     0.19283
     0.19265
     0.18812
     0.18626
     0.18294
     0.18128
     0.18442
     0.18460
     0.18889
     0.18980
     0.18105
     0.18749
     0.18075
     0.18046
     0.17551
     0.17530
     0.17634
     0.17418
     0.17776
     0.17499
     0.17543
     0.17486
     0.17557
     0.17985
     0.17849
     0.17799
     0.17759
     0.18036
     0.18556
     0.18205
     0.18324
     0.18307
     0.17644
     0.17900
     0.17294
     0.17522
     0.17954
     0.17766
     0.17597
     0.18222
     0.18254
     0.18438
     0.18529
     0.18485
     0.18539
     0.18858
     0.18564
     0.18540
     0.18988
     0.18967
     0.18751
     0.19390
     0.19701
     0.20163
     0.20432
     0.20617
     0.21133
     0.20653
     0.20669
     0.21081
     0.21678
     0.21810
     0.21690
     0.21447
     0.21398
     0.22291
     0.22602
     0.22856
     0.23598
     0.23685
     0.23320
     0.23504
     0.23444
     0.23501
     0.23662
     0.23765
     0.23948
     0.24114
     0.24421
     0.24524
     0.24590
     0.25181
     0.25533
     0.26560
     0.26123
     0.26437
     0.26364
     0.26433
     0.26337
     0.26560
     0.26818
     0.26737
     0.26981
     0.26750
     0.26399
     0.26585
     0.26550
     0.26541
     0.26780
     0.26119
     0.26524
     0.26879
     0.27086
     0.26803
     0.26924
     0.27256
     0.27268
     0.26976
     0.27758
     0.28102
     0.27969
     0.27874
     0.27639
     0.27377
     0.27871
     0.27945
     0.27799
     0.27571
     0.27346
     0.27500
     0.27556
     0.27960
     0.27788
     0.28027
     0.27613
     0.27431
     0.27780
     0.27477
     0.27621
     0.27107
     0.26750
     0.26506
     0.26115
     0.26193
     0.26378
     0.26961
     0.27674
     0.26561
     0.26563
     0.26366
     0.25673
     0.25836
     0.25958
     0.26276
     0.26658
     0.26553
     0.25865
     0.25427
     0.25433
     0.24935
     0.24881
     0.24075
     0.23941
     0.23565
     0.23290
     0.23081
     0.23093
     0.23593
     0.23624
     0.23230
     0.23098
     0.22563
     0.22383
     0.22209
     0.21789
     0.21793
     0.21840
     0.21758
     0.22186
     0.21489
     0.21341
     0.20542
     0.19644
     0.19431
     0.19287
     0.19347
     0.19507
     0.19806
     0.19585
     0.19356
     0.19884
     0.19447
     0.19528
     0.19664
     0.19215
     0.18550
     0.18662
     0.19244
     0.18554
     0.17859
     0.18460
     0.17779
     0.17897
     0.18555
     0.18373
     0.17794
     0.17663
     0.17658
     0.18266
     0.18508
     0.18694
     0.18849
     0.19035
     0.19208
     0.19297
     0.19163
     0.18856
     0.18570
     0.18302
     0.18541
For totalsize_max
    -0.00000
     0.06380
     0.06924
     0.07444
     0.07082
     0.06925
     0.07014
     0.07333
     0.07142
     0.07023
     0.07308
     0.07187
     0.07134
     0.07084
     0.07044
     0.06833
     0.06965
     0.07355
     0.07061
     0.07199
     0.07199
     0.07049
     0.07305
     0.07713
     0.06877
     0.07010
     0.06694
     0.07102
     0.07226
     0.07308
     0.06909
     0.07494
     0.07892
     0.07637
     0.07558
     0.07749
     0.07550
     0.07032
     0.07638
     0.07410
     0.07231
     0.07520
     0.07904
     0.07717
     0.07031
     0.07196
     0.07092
     0.07325
     0.07116
     0.07348
     0.07334
     0.07232
     0.07813
     0.07360
     0.08176
     0.08036
     0.07727
     0.08007
     0.07843
     0.08095
     0.07795
     0.08320
     0.07985
     0.08040
     0.07582
     0.07881
     0.08025
     0.08159
     0.07697
     0.07605
     0.08034
     0.07682
     0.07547
     0.07656
     0.07861
     0.07602
     0.07413
     0.07642
     0.08060
     0.07761
     0.08265
     0.08169
     0.08217
     0.07839
     0.08350
     0.08289
     0.08591
     0.08731
     0.09101
     0.08569
     0.09087
     0.08649
     0.08665
     0.08625
     0.08361
     0.08638
     0.08187
     0.08240
     0.08402
     0.08781
     0.09141
     0.08634
     0.08643
     0.09134
     0.09494
     0.08821
     0.08743
     0.09265
     0.09208
     0.08873
     0.08912
     0.09393
     0.09120
     0.09238
     0.09237
     0.09176
     0.09727
     0.09901
     0.09303
     0.09243
     0.08956
     0.09009
     0.09285
     0.09366
     0.08896
     0.08781
     0.09539
     0.09181
     0.09067
     0.09266
     0.09685
     0.09807
     0.09300
     0.09210
     0.09137
     0.09237
     0.09332
     0.08715
     0.08763
     0.08923
     0.08887
     0.09059
     0.09161
     0.09289
     0.09457
     0.09172
     0.08838
     0.09408
     0.09000
     0.09292
     0.08809
     0.09214
     0.09187
     0.09112
     0.09550
     0.09288
     0.09719
     0.09361
     0.09457
     0.09108
     0.09476
     0.09001
     0.09403
     0.09475
     0.09564
     0.09840
     0.09557
     0.09586
     0.10208
     0.09878
     0.09754
     0.09568
     0.10104
     0.09870
     0.10382
     0.09554
     0.09997
     0.10016
     0.10040
     0.10376
     0.10184
     0.10495
     0.10128
     0.10490
     0.10236
     0.10702
     0.10913
     0.10863
     0.10187
     0.10538
     0.10641
     0.10304
     0.10270
     0.10634
     0.10577
     0.10415
     0.10728
     0.10947
     0.10799
     0.10372
     0.10776
     0.10575
     0.10471
     0.10282
     0.11043
     0.10436
     0.10836
     0.10534
     0.10515
     0.10498
     0.10771
     0.10415
     0.10945
     0.11077
     0.10843
     0.10673
     0.11081
     0.10984
     0.10951
     0.10938
     0.11073
     0.11234
     0.10901
     0.11264
     0.11651
     0.11610
     0.11062
     0.11298
     0.11014
     0.11145
     0.11217
     0.11250
     0.11426
     0.11529
     0.11009
     0.11260
     0.11038
     0.11203
     0.11257
     0.11691
     0.11798
     0.11846
     0.11916
     0.11985
     0.12084
     0.11936
     0.11895
     0.11525
     0.11730
     0.11960
     0.11411
     0.12272
     0.11555
     0.12060
     0.11927
     0.11702
     0.12055
     0.12112
     0.12352
     0.12147
     0.12427
     0.12041
     0.12230
     0.11841
     0.12287
     0.12359
     0.12525
     0.12757
     0.12332
     0.12544
     0.12445
     0.12035
     0.12114
     0.12173
     0.12295
     0.12355
     0.13021
     0.12469
     0.12518
     0.12769
     0.12479
     0.12348
     0.12597
     0.13047
     0.12180
     0.12176
     0.12717
     0.12617
     0.12605
     0.12427
     0.12501
     0.12942
     0.13029
     0.12887
     0.12902
     0.12796
     0.12583
     0.12458
     0.13059
     0.13187
     0.13450
     0.12939
     0.13285
     0.13349
     0.13233
     0.13395
     0.13436
     0.13214
     0.13553
     0.13169
     0.13464
     0.12856
     0.12831
     0.12757
     0.12655
     0.13133
     0.12978
     0.12730
     0.13280
     0.13135
     0.13232
     0.13384
     0.13076
     0.12760
     0.13110
     0.13149
     0.13443
     0.12996
     0.13085
     0.13198
     0.13870
     0.13421
     0.13316
     0.13879
     0.13229
     0.13124
     0.12909
     0.13164
     0.13379
     0.13184
     0.13423
     0.13287
     0.13351
     0.13300
     0.13479
     0.13406
     0.13060
     0.12927
     0.13239
     0.12921
     0.13054
     0.13469
     0.13085
     0.13406
     0.13485
     0.13415
     0.13197
     0.14055
     0.13514
     0.13785
     0.13595
     0.13322
     0.13517
     0.13795
     0.13636
For totalsize_avg
     0.00000
     0.15931
     0.17080
     0.17852
     0.17716
     0.17914
     0.18207
     0.17232
     0.17880
     0.17300
     0.17582
     0.17207
     0.16723
     0.16587
     0.16876
     0.16874
     0.16303
     0.16734
     0.17558
     0.17502
     0.18701
     0.19090
     0.19417
     0.19083
     0.19164
     0.19375
     0.20146
     0.19738
     0.18781
     0.19598
     0.19989
     0.20183
     0.20172
     0.20049
     0.20194
     0.20382
     0.19256
     0.18895
     0.19558
     0.19357
     0.19465
     0.19348
     0.19283
     0.19376
     0.19748
     0.19805
     0.19928
     0.20886
     0.20696
     0.20910
     0.21032
     0.21058
     0.20970
     0.22071
     0.21207
     0.22355
     0.21554
     0.22186
     0.22236
     0.21984
     0.22323
     0.22823
     0.22467
     0.22784
     0.21835
     0.21779
     0.22214
     0.22663
     0.22380
     0.21838
     0.22361
     0.21630
     0.22793
     0.22715
     0.22377
     0.22639
     0.21850
     0.22525
     0.23168
     0.23563
     0.23816
     0.23412
     0.24247
     0.23485
     0.24694
     0.24329
     0.23961
     0.24696
     0.23893
     0.24149
     0.23663
     0.24008
     0.23690
     0.23547
     0.23491
     0.24157
     0.24312
     0.23591
     0.24354
     0.24416
     0.24523
     0.24875
     0.24660
     0.24287
     0.23756
     0.24590
     0.25071
     0.24115
     0.24360
     0.25351
     0.24665
     0.25356
     0.25405
     0.24877
     0.25578
     0.25152
     0.25839
     0.25734
     0.24889
     0.24872
     0.24485
     0.25168
     0.23970
     0.23754
     0.23928
     0.23194
     0.22999
     0.23388
     0.24003
     0.23934
     0.23783
     0.23329
     0.23305
     0.23234
     0.23121
     0.22556
     0.22509
     0.22971
     0.23261
     0.22879
     0.23676
     0.23361
     0.22292
     0.23267
     0.23129
     0.22794
     0.21527
     0.22284
     0.21915
     0.22167
     0.22474
     0.22160
     0.21472
     0.21661
     0.21531
     0.21213
     0.21486
     0.21945
     0.21013
     0.21125
     0.21118
     0.20986
     0.20607
     0.20809
     0.21887
     0.21081
     0.21079
     0.21120
     0.21152
     0.21312
     0.21341
     0.21077
     0.21184
     0.21321
     0.21350
     0.20803
     0.21361
     0.22069
     0.21437
     0.21591
     0.21868
     0.21905
     0.21809
     0.22191
     0.21755
     0.22067
     0.21892
     0.22118
     0.22078
     0.22231
     0.21429
     0.21296
     0.21759
     0.21678
     0.21258
     0.21390
     0.21470
     0.21902
     0.21763
     0.22341
     0.21985
     0.21603
     0.21731
     0.21089
     0.22139
     0.21136
     0.21383
     0.21925
     0.21987
     0.21959
     0.21902
     0.21692
     0.21396
     0.21887
     0.21897
     0.22642
     0.22722
     0.22166
     0.22522
     0.22582
     0.22772
     0.23065
     0.22781
     0.22800
     0.23403
     0.22896
     0.22886
     0.23142
     0.23637
     0.23571
     0.23621
     0.24037
     0.23634
     0.24570
     0.24157
     0.24417
     0.24990
     0.24660
     0.25372
     0.24871
     0.25110
     0.25381
     0.23920
     0.24773
     0.24210
     0.24830
     0.25036
     0.24975
     0.25181
     0.25697
     0.25118
     0.24903
     0.25411
     0.25583
     0.25099
     0.25537
     0.25476
     0.24381
     0.25661
     0.25235
     0.25660
     0.25578
     0.26087
     0.25499
     0.26421
     0.25760
     0.26014
     0.25989
     0.25336
     0.25580
     0.25009
     0.24814
     0.25374
     0.25300
     0.24966
     0.24894
     0.25127
     0.25163
     0.25742
     0.25022
     0.25844
     0.25078
     0.25443
     0.25349
     0.25563
     0.25567
     0.25927
     0.26112
     0.25414
     0.25496
     0.25733
     0.25407
     0.25256
     0.25521
     0.24854
     0.25392
     0.25158
     0.25106
     0.25236
     0.24899
     0.25577
     0.24385
     0.24016
     0.25020
     0.25033
     0.24856
     0.25447
     0.25276
     0.24124
     0.23955
     0.24777
     0.24629
     0.23426
     0.23935
     0.23936
     0.23942
     0.23943
     0.23899
     0.24170
     0.23900
     0.23883
     0.24132
     0.23346
     0.23874
     0.23692
     0.23820
     0.23340
     0.23440
     0.22581
     0.23180
     0.22565
     0.22732
     0.22494
     0.22381
     0.22229
     0.22198
     0.22288
     0.21738
     0.21459
     0.21865
     0.21178
     0.21180
     0.21587
     0.20795
     0.20918
     0.20454
     0.21567
     0.20875
     0.20952
     0.21073
     0.20513
     0.20474
     0.20544
     0.20536
     0.20614
     0.20918
     0.20982
     0.20843
     0.21178
     0.21019
     0.21176
     0.20724
     0.20995
     0.21583
     0.20477
