#Mean and 3 Sigma of transfer entropy from shuffled dailyf107 to time-shifted TEC intensification parameters for 2003to2022
#Array shape (ntau, ndrivers, ntec) = (365,1,6) for both mean and 3sigma
#F107(mean 3sigma)
For num_max
    -0.00000     0.00000
     0.01378     0.00398
     0.01323     0.00415
     0.01352     0.00422
     0.01389     0.00458
     0.01384     0.00440
     0.01335     0.00987
     0.01293     0.00627
     0.01406     0.00430
     0.01405     0.00471
     0.01402     0.00510
     0.01294     0.00475
     0.01308     0.01317
     0.01348     0.00575
     0.01325     0.00503
     0.01346     0.00479
     0.01327     0.00510
     0.01379     0.00498
     0.01350     0.00430
     0.01351     0.00440
     0.01355     0.00539
     0.01349     0.00581
     0.01342     0.00640
     0.01364     0.00591
     0.01238     0.00668
     0.01342     0.00508
     0.01313     0.00500
     0.01307     0.00525
     0.01401     0.00514
     0.01367     0.01150
     0.01298     0.00611
     0.01446     0.00568
     0.01232     0.01986
     0.01310     0.00457
     0.01331     0.00554
     0.01321     0.01211
     0.01309     0.01199
     0.01344     0.01205
     0.01292     0.00572
     0.01344     0.00630
     0.01285     0.01213
     0.01325     0.00566
     0.01365     0.01137
     0.01395     0.00724
     0.01334     0.00724
     0.01373     0.01205
     0.01335     0.01157
     0.01303     0.00629
     0.01332     0.00522
     0.01252     0.01033
     0.01332     0.01105
     0.01294     0.00630
     0.01310     0.00567
     0.01390     0.00565
     0.01353     0.00606
     0.01326     0.00511
     0.01334     0.01065
     0.01274     0.01162
     0.01291     0.01473
     0.01273     0.01415
     0.01306     0.00743
     0.01334     0.00673
     0.01362     0.00791
     0.01261     0.01131
     0.01336     0.00680
     0.01352     0.00565
     0.01369     0.01060
     0.01296     0.01317
     0.01311     0.00644
     0.01364     0.01026
     0.01410     0.01390
     0.01294     0.01230
     0.01263     0.01099
     0.01318     0.00645
     0.01275     0.01197
     0.01328     0.01262
     0.01252     0.01133
     0.01267     0.01205
     0.01290     0.01209
     0.01295     0.01306
     0.01404     0.00701
     0.01412     0.01185
     0.01335     0.00779
     0.01304     0.01368
     0.01346     0.01287
     0.01275     0.01505
     0.01300     0.01187
     0.01304     0.01161
     0.01361     0.00655
     0.01406     0.00853
     0.01249     0.01210
     0.01270     0.01455
     0.01353     0.00804
     0.01351     0.00721
     0.01431     0.00684
     0.01173     0.02045
     0.01248     0.01098
     0.01223     0.01459
     0.01395     0.01581
     0.01248     0.01675
     0.01292     0.00730
     0.01328     0.01265
     0.01390     0.01088
     0.01316     0.01439
     0.01238     0.02042
     0.01381     0.00870
     0.01324     0.01333
     0.01315     0.01223
     0.01301     0.01843
     0.01310     0.01249
     0.01308     0.01672
     0.01416     0.00735
     0.01221     0.02060
     0.01348     0.01607
     0.01352     0.01342
     0.01367     0.01543
     0.01206     0.02136
     0.01405     0.01220
     0.01294     0.01488
     0.01313     0.01603
     0.01268     0.01581
     0.01319     0.01668
     0.01244     0.01244
     0.01347     0.01373
     0.01320     0.01830
     0.01233     0.01674
     0.01336     0.01371
     0.01355     0.01414
     0.01238     0.01518
     0.01332     0.01582
     0.01424     0.01386
     0.01326     0.01621
     0.01334     0.01526
     0.01333     0.02021
     0.01341     0.01777
     0.01295     0.01837
     0.01246     0.01229
     0.01370     0.00839
     0.01369     0.01222
     0.01244     0.01240
     0.01218     0.01531
     0.01400     0.00831
     0.01349     0.01223
     0.01340     0.01329
     0.01381     0.01320
     0.01089     0.02475
     0.01391     0.01639
     0.01311     0.01652
     0.01392     0.01374
     0.01297     0.01410
     0.01425     0.01443
     0.01341     0.01254
     0.01310     0.00917
     0.01310     0.01699
     0.01262     0.01739
     0.01266     0.02042
     0.01276     0.01824
     0.01350     0.01639
     0.01226     0.02106
     0.01266     0.01561
     0.01390     0.01686
     0.01145     0.02102
     0.01384     0.01285
     0.01188     0.02159
     0.01257     0.01996
     0.01247     0.01780
     0.01158     0.02488
     0.01212     0.01736
     0.01358     0.01692
     0.01318     0.01354
     0.01282     0.01739
     0.01350     0.01680
     0.01299     0.01849
     0.01374     0.01930
     0.01369     0.00906
     0.01246     0.01280
     0.01297     0.01785
     0.01353     0.01978
     0.01398     0.01486
     0.01278     0.01522
     0.01366     0.01114
     0.01184     0.02229
     0.01317     0.01860
     0.01344     0.01566
     0.01319     0.01618
     0.01118     0.02439
     0.01281     0.01927
     0.01245     0.01623
     0.01364     0.01413
     0.01067     0.02521
     0.01196     0.01758
     0.01165     0.02098
     0.01217     0.02299
     0.01376     0.01082
     0.01245     0.02025
     0.01371     0.01767
     0.01270     0.01782
     0.01312     0.01910
     0.01238     0.01810
     0.01205     0.02077
     0.01378     0.01649
     0.01244     0.01534
     0.01296     0.02006
     0.01307     0.01517
     0.01191     0.01542
     0.01380     0.01665
     0.01235     0.02170
     0.01250     0.02527
     0.01297     0.01947
     0.01247     0.02291
     0.01347     0.01560
     0.01420     0.01548
     0.01253     0.01856
     0.01238     0.01933
     0.01231     0.02336
     0.01400     0.01757
     0.01244     0.01808
     0.01352     0.01684
     0.01225     0.02195
     0.01349     0.01675
     0.01201     0.02339
     0.01357     0.01550
     0.01423     0.01279
     0.01303     0.01587
     0.01220     0.02588
     0.01337     0.02391
     0.01284     0.02196
     0.01359     0.01434
     0.01444     0.01072
     0.01386     0.01558
     0.01221     0.02269
     0.01313     0.01551
     0.01293     0.02102
     0.01396     0.01404
     0.01231     0.02050
     0.01245     0.02265
     0.01362     0.02182
     0.01194     0.02426
     0.01372     0.01705
     0.01342     0.01888
     0.01376     0.02280
     0.01312     0.01449
     0.01133     0.02826
     0.01345     0.01575
     0.01344     0.02023
     0.01305     0.01869
     0.01160     0.02484
     0.01255     0.02089
     0.01399     0.01808
     0.01265     0.02658
     0.01276     0.02526
     0.01280     0.01263
     0.01225     0.02299
     0.01403     0.01523
     0.01201     0.02035
     0.01153     0.02698
     0.01221     0.01914
     0.01390     0.01943
     0.01224     0.02514
     0.01368     0.01480
     0.01371     0.01695
     0.01305     0.01738
     0.01244     0.02135
     0.01468     0.02077
     0.01223     0.02323
     0.01229     0.02351
     0.01409     0.01781
     0.01125     0.03211
     0.01234     0.02126
     0.01170     0.02247
     0.01347     0.02209
     0.01374     0.01392
     0.01335     0.01580
     0.01251     0.02492
     0.01326     0.02219
     0.01358     0.01497
     0.01301     0.02174
     0.01375     0.02668
     0.01336     0.01852
     0.01241     0.02227
     0.01263     0.02057
     0.01354     0.01638
     0.01325     0.02229
     0.01355     0.01751
     0.01242     0.01831
     0.01347     0.02346
     0.01297     0.02114
     0.01165     0.02246
     0.01174     0.02342
     0.01274     0.02533
     0.01379     0.01695
     0.01230     0.02668
     0.01279     0.02353
     0.01403     0.02268
     0.01280     0.01911
     0.01205     0.02240
     0.01339     0.02547
     0.01461     0.01217
     0.01371     0.01761
     0.01343     0.02096
     0.01147     0.02818
     0.01278     0.02112
     0.01166     0.02633
     0.01266     0.02513
     0.01157     0.02503
     0.01389     0.01886
     0.01265     0.02034
     0.01312     0.02482
     0.01383     0.01751
     0.01225     0.02507
     0.01247     0.02170
     0.01301     0.01765
     0.01435     0.01523
     0.01273     0.03364
     0.01271     0.02239
     0.01330     0.02217
     0.01249     0.02045
     0.01242     0.02387
     0.01329     0.02661
     0.01394     0.01914
     0.01306     0.02274
     0.01365     0.01995
     0.01302     0.02473
     0.01080     0.04808
     0.01374     0.01959
     0.01226     0.02376
     0.01303     0.01610
     0.01340     0.02353
     0.01341     0.02627
     0.01475     0.01707
     0.01553     0.01389
     0.01319     0.02473
     0.01323     0.02673
     0.01509     0.01333
     0.01241     0.02548
     0.01209     0.02618
     0.01342     0.02047
     0.01340     0.02149
     0.01352     0.02074
     0.01258     0.02524
     0.01269     0.02413
     0.01296     0.02196
     0.01279     0.02259
     0.01169     0.02930
     0.01251     0.02674
     0.01258     0.02293
     0.01426     0.02136
     0.01372     0.02240
     0.01347     0.02747
     0.01179     0.03465
     0.01291     0.02301
     0.01204     0.02449
     0.01104     0.02559
     0.01183     0.04472
     0.01279     0.02154
     0.01389     0.02106
     0.01251     0.03295
     0.01291     0.02469
     0.01378     0.01530
     0.01360     0.02119
     0.01358     0.02199
     0.01275     0.02483
     0.01263     0.02722
     0.01260     0.02312
     0.01158     0.02749
For num_avg
    -0.00000     0.00000
     0.07075     0.00945
     0.07158     0.00888
     0.07163     0.01093
     0.07443     0.00962
     0.07232     0.01011
     0.07308     0.01000
     0.07431     0.01009
     0.07553     0.00986
     0.07409     0.01311
     0.07577     0.01120
     0.07442     0.01025
     0.07390     0.01107
     0.07301     0.01324
     0.07403     0.01015
     0.07407     0.01059
     0.07194     0.00949
     0.07472     0.01111
     0.07655     0.01056
     0.07422     0.01000
     0.07624     0.01409
     0.07636     0.01205
     0.07508     0.01064
     0.07524     0.01040
     0.07681     0.01034
     0.07615     0.01000
     0.07450     0.01139
     0.07366     0.00887
     0.07497     0.01046
     0.07424     0.01261
     0.07549     0.01020
     0.07739     0.01413
     0.07700     0.01427
     0.07650     0.01117
     0.07592     0.01118
     0.07662     0.01422
     0.07734     0.01061
     0.07721     0.01334
     0.07889     0.01281
     0.07711     0.01335
     0.07735     0.01170
     0.07823     0.01072
     0.07907     0.01012
     0.07943     0.01256
     0.07703     0.01072
     0.07875     0.01690
     0.07839     0.01358
     0.07775     0.01161
     0.07679     0.01521
     0.07845     0.01596
     0.07944     0.01197
     0.07714     0.01428
     0.07841     0.01495
     0.07850     0.01091
     0.07906     0.01507
     0.07928     0.01141
     0.07864     0.01534
     0.07835     0.00980
     0.07822     0.01658
     0.07940     0.01189
     0.08062     0.01368
     0.07956     0.01629
     0.07988     0.01447
     0.07840     0.01268
     0.07979     0.01091
     0.07869     0.00984
     0.08006     0.01176
     0.07802     0.01034
     0.07893     0.01289
     0.07891     0.01297
     0.07932     0.01155
     0.07717     0.02057
     0.07813     0.01426
     0.07902     0.01595
     0.08013     0.01192
     0.07767     0.01478
     0.08040     0.01605
     0.07949     0.01731
     0.07916     0.01448
     0.07787     0.01616
     0.07822     0.01707
     0.08119     0.01687
     0.07777     0.01381
     0.08036     0.01534
     0.07827     0.01091
     0.08062     0.01077
     0.08021     0.01341
     0.08036     0.02051
     0.07801     0.01932
     0.07976     0.01789
     0.07880     0.01953
     0.07949     0.00978
     0.08099     0.01254
     0.07953     0.01614
     0.08006     0.02297
     0.07801     0.01650
     0.08031     0.01905
     0.07954     0.01308
     0.08100     0.01182
     0.07734     0.01441
     0.08052     0.01628
     0.08047     0.01304
     0.08000     0.01193
     0.07981     0.01513
     0.08063     0.01575
     0.07957     0.01654
     0.07854     0.01576
     0.07863     0.01338
     0.07880     0.01041
     0.07964     0.02021
     0.07909     0.01440
     0.07826     0.01806
     0.07980     0.01644
     0.07838     0.02123
     0.07822     0.01823
     0.07935     0.01955
     0.08121     0.01486
     0.08031     0.01683
     0.07795     0.01556
     0.07937     0.01978
     0.07776     0.01401
     0.07954     0.01067
     0.07913     0.01255
     0.07889     0.01776
     0.07952     0.01836
     0.07871     0.01645
     0.08094     0.01334
     0.07983     0.01502
     0.07947     0.01524
     0.07950     0.01780
     0.07962     0.01734
     0.07923     0.01436
     0.07947     0.01727
     0.08102     0.01486
     0.07878     0.02278
     0.08001     0.02302
     0.07778     0.02192
     0.07977     0.01671
     0.07976     0.01566
     0.07938     0.01859
     0.08133     0.01628
     0.07923     0.02104
     0.07935     0.02196
     0.07768     0.02213
     0.07951     0.02282
     0.07949     0.01975
     0.07905     0.02393
     0.07952     0.01574
     0.08028     0.01329
     0.07978     0.01549
     0.07749     0.02469
     0.08175     0.01434
     0.08099     0.01558
     0.08013     0.01811
     0.07821     0.01852
     0.07862     0.01829
     0.07932     0.01766
     0.07880     0.01861
     0.07942     0.01781
     0.07903     0.02140
     0.07980     0.01267
     0.07841     0.01526
     0.08141     0.01689
     0.08038     0.02153
     0.08135     0.01599
     0.08206     0.01485
     0.08083     0.02086
     0.08027     0.02033
     0.07895     0.01496
     0.07991     0.02444
     0.08055     0.01831
     0.07859     0.02195
     0.07970     0.01248
     0.07999     0.02014
     0.07993     0.01701
     0.07873     0.02229
     0.07791     0.02106
     0.08079     0.01506
     0.08026     0.01884
     0.07898     0.01699
     0.07989     0.01638
     0.08203     0.01725
     0.07922     0.01953
     0.08094     0.01160
     0.07893     0.01924
     0.07843     0.01953
     0.08040     0.01490
     0.07816     0.03113
     0.07892     0.02570
     0.07967     0.02159
     0.07904     0.01989
     0.08013     0.01719
     0.07940     0.02382
     0.07877     0.02310
     0.07848     0.01721
     0.07779     0.02504
     0.08138     0.01276
     0.07864     0.02238
     0.08044     0.02005
     0.07899     0.02437
     0.08034     0.01963
     0.07946     0.01738
     0.08142     0.01555
     0.07861     0.02160
     0.07972     0.02144
     0.07957     0.01934
     0.08003     0.01606
     0.08121     0.02178
     0.07926     0.01964
     0.07982     0.01646
     0.07980     0.01957
     0.08201     0.01487
     0.07915     0.01694
     0.08076     0.02057
     0.07990     0.01842
     0.07991     0.02091
     0.08008     0.01796
     0.07815     0.01502
     0.08151     0.02242
     0.07889     0.04545
     0.08094     0.02035
     0.07921     0.02332
     0.08171     0.01557
     0.07955     0.02013
     0.07908     0.02208
     0.08087     0.02322
     0.07791     0.02019
     0.07979     0.02535
     0.07938     0.01966
     0.07895     0.02344
     0.08001     0.01455
     0.08095     0.01796
     0.08003     0.02185
     0.07957     0.02913
     0.07882     0.02096
     0.07888     0.02252
     0.07893     0.02483
     0.08074     0.01842
     0.07988     0.01939
     0.07931     0.02337
     0.07923     0.02130
     0.08026     0.02048
     0.07827     0.02168
     0.07711     0.02421
     0.08038     0.02108
     0.07894     0.02358
     0.07960     0.02270
     0.07898     0.01824
     0.07921     0.02286
     0.08089     0.01776
     0.08051     0.01947
     0.07998     0.01665
     0.07965     0.02740
     0.07918     0.02278
     0.08242     0.01828
     0.07918     0.02569
     0.07932     0.02260
     0.08057     0.02001
     0.07922     0.02928
     0.07970     0.02183
     0.08279     0.02245
     0.08028     0.02478
     0.08045     0.02159
     0.08001     0.02080
     0.08105     0.02301
     0.08117     0.02132
     0.08072     0.01934
     0.07954     0.02059
     0.07882     0.01887
     0.08014     0.02172
     0.07908     0.01617
     0.07881     0.02691
     0.08241     0.02152
     0.08094     0.02154
     0.08037     0.02496
     0.07878     0.04664
     0.07961     0.02770
     0.07969     0.02765
     0.08188     0.02728
     0.07976     0.02373
     0.07778     0.02582
     0.07743     0.02807
     0.08054     0.02455
     0.07945     0.02279
     0.08071     0.02202
     0.08050     0.02569
     0.08194     0.01838
     0.07965     0.02061
     0.07971     0.01754
     0.07997     0.02470
     0.08147     0.02489
     0.07893     0.02603
     0.07853     0.02784
     0.08014     0.02897
     0.07806     0.02626
     0.08058     0.02089
     0.08023     0.02114
     0.07790     0.02482
     0.07864     0.02548
     0.07966     0.02978
     0.07847     0.02234
     0.08052     0.02210
     0.08021     0.02369
     0.08068     0.02087
     0.08057     0.02190
     0.07974     0.02317
     0.07891     0.02652
     0.07769     0.02274
     0.07899     0.02728
     0.08065     0.01977
     0.08051     0.02155
     0.07925     0.02619
     0.07922     0.02494
     0.08021     0.02445
     0.07927     0.02453
     0.07870     0.02599
     0.08009     0.02127
     0.07970     0.02216
     0.07935     0.02740
     0.08056     0.02236
     0.07995     0.02051
     0.08093     0.02395
     0.07906     0.02125
     0.07974     0.01895
     0.07902     0.02157
     0.07889     0.02142
     0.07761     0.03206
     0.07950     0.02036
     0.07732     0.02603
     0.08097     0.02426
     0.07805     0.02496
     0.07854     0.03106
     0.07807     0.02823
     0.07758     0.03141
     0.08075     0.01697
     0.07931     0.02443
     0.07925     0.02698
     0.07665     0.02537
     0.07933     0.02174
     0.07723     0.02395
     0.07593     0.03127
     0.07952     0.02307
     0.07850     0.02781
     0.07871     0.01910
     0.07865     0.02307
     0.08230     0.01897
     0.07991     0.02143
     0.08048     0.02067
     0.07951     0.02698
     0.07728     0.02492
     0.07656     0.02607
     0.07793     0.02518
     0.07984     0.02810
     0.07801     0.02897
     0.07664     0.02737
     0.07657     0.02049
     0.07575     0.02671
     0.07763     0.02264
     0.08001     0.01795
     0.07712     0.02557
     0.07827     0.02670
     0.07742     0.02724
     0.07857     0.02609
     0.07720     0.02159
     0.07776     0.02332
For totalREC_max
    -0.00000     0.00000
     0.02198     0.00587
     0.02568     0.00607
     0.02766     0.00580
     0.02849     0.00621
     0.02952     0.00561
     0.03040     0.01045
     0.03224     0.00722
     0.03285     0.00617
     0.03150     0.00753
     0.03324     0.01051
     0.03419     0.00638
     0.03512     0.00680
     0.03513     0.00688
     0.03491     0.00715
     0.03538     0.00704
     0.03576     0.00792
     0.03586     0.01280
     0.03569     0.01275
     0.03591     0.00793
     0.03596     0.00807
     0.03580     0.00819
     0.03621     0.00694
     0.03612     0.00633
     0.03570     0.01469
     0.03525     0.00704
     0.03640     0.00702
     0.03570     0.00682
     0.03659     0.00972
     0.03685     0.00792
     0.03721     0.00757
     0.03741     0.00882
     0.03747     0.00830
     0.03824     0.01289
     0.04029     0.00831
     0.03944     0.01277
     0.04054     0.01227
     0.04013     0.01107
     0.03985     0.01102
     0.04031     0.00927
     0.04079     0.00816
     0.04128     0.01309
     0.04252     0.01238
     0.04392     0.01037
     0.04343     0.01190
     0.04390     0.01128
     0.04481     0.01342
     0.04492     0.00883
     0.04471     0.01220
     0.04423     0.00845
     0.04454     0.00924
     0.04332     0.00871
     0.04353     0.00930
     0.04431     0.00970
     0.04292     0.01680
     0.04400     0.00915
     0.04322     0.00968
     0.04387     0.00961
     0.04376     0.01199
     0.04394     0.01414
     0.04526     0.00821
     0.04518     0.00885
     0.04517     0.00983
     0.04479     0.00930
     0.04521     0.00906
     0.04567     0.00978
     0.04556     0.01014
     0.04624     0.00970
     0.04560     0.01289
     0.04515     0.01848
     0.04691     0.01155
     0.04599     0.01502
     0.04676     0.01315
     0.04672     0.00959
     0.04710     0.00888
     0.04588     0.01257
     0.04501     0.01646
     0.04580     0.01739
     0.04624     0.01439
     0.04639     0.01547
     0.04657     0.00948
     0.04686     0.01077
     0.04671     0.01078
     0.04640     0.01692
     0.04669     0.01654
     0.04689     0.01120
     0.04754     0.01528
     0.04703     0.02049
     0.04723     0.00907
     0.04612     0.01594
     0.04708     0.01479
     0.04752     0.00966
     0.04719     0.01355
     0.04676     0.00902
     0.04707     0.01339
     0.04835     0.01540
     0.04862     0.01511
     0.04872     0.01423
     0.04811     0.00984
     0.04851     0.01372
     0.04751     0.01615
     0.04559     0.02502
     0.04814     0.01178
     0.04709     0.01531
     0.04733     0.01640
     0.04691     0.01915
     0.04851     0.01718
     0.04602     0.02673
     0.04741     0.01776
     0.04794     0.01871
     0.04827     0.01404
     0.04861     0.01666
     0.04761     0.01535
     0.04927     0.01519
     0.04828     0.01583
     0.04973     0.01685
     0.04989     0.01349
     0.04962     0.01417
     0.04835     0.01675
     0.04819     0.01760
     0.04811     0.01791
     0.04840     0.01817
     0.04872     0.01126
     0.04840     0.01238
     0.04801     0.01585
     0.04704     0.01959
     0.04794     0.01606
     0.04750     0.01465
     0.04763     0.02111
     0.04832     0.01704
     0.04754     0.02023
     0.04747     0.01669
     0.04860     0.01110
     0.04800     0.01955
     0.04830     0.01242
     0.04812     0.01546
     0.04826     0.01647
     0.04828     0.02199
     0.04791     0.01669
     0.04928     0.01323
     0.04902     0.02101
     0.04788     0.02343
     0.04892     0.01600
     0.04963     0.01455
     0.04805     0.01850
     0.04883     0.01583
     0.04950     0.01163
     0.04810     0.01777
     0.04941     0.01570
     0.04871     0.01844
     0.04876     0.01498
     0.04812     0.01846
     0.04810     0.01485
     0.04671     0.02353
     0.04780     0.01801
     0.04650     0.01972
     0.04627     0.01758
     0.04573     0.01506
     0.04580     0.01726
     0.04558     0.01921
     0.04589     0.02322
     0.04585     0.01490
     0.04697     0.01389
     0.04632     0.01712
     0.04779     0.01447
     0.04552     0.02097
     0.04692     0.02320
     0.04721     0.01667
     0.04718     0.01740
     0.04611     0.01947
     0.04731     0.01508
     0.04653     0.01785
     0.04618     0.01975
     0.04587     0.01418
     0.04634     0.01537
     0.04409     0.02694
     0.04503     0.02210
     0.04563     0.01645
     0.04555     0.01488
     0.04469     0.01854
     0.04548     0.02363
     0.04339     0.02378
     0.04518     0.02427
     0.04568     0.01663
     0.04581     0.01549
     0.04584     0.01819
     0.04680     0.01656
     0.04585     0.02122
     0.04631     0.01907
     0.04816     0.01431
     0.04679     0.01824
     0.04821     0.01520
     0.04773     0.00974
     0.04846     0.01258
     0.04713     0.02761
     0.04866     0.01849
     0.04924     0.02052
     0.04754     0.01982
     0.04855     0.01553
     0.04926     0.01242
     0.04804     0.01574
     0.04792     0.01805
     0.04854     0.01955
     0.04924     0.02051
     0.05069     0.01315
     0.04862     0.02233
     0.04872     0.02125
     0.04875     0.02165
     0.05028     0.01983
     0.04942     0.01970
     0.05040     0.01628
     0.04867     0.02010
     0.04953     0.01824
     0.05050     0.02176
     0.04874     0.02144
     0.05043     0.01429
     0.05004     0.01904
     0.04942     0.02574
     0.04973     0.02296
     0.05142     0.01925
     0.05118     0.01858
     0.05063     0.01869
     0.05036     0.02178
     0.04987     0.02472
     0.05146     0.02008
     0.05215     0.01669
     0.05092     0.02015
     0.05108     0.01976
     0.05118     0.02275
     0.05176     0.02004
     0.05192     0.01249
     0.05127     0.01748
     0.05085     0.01999
     0.05034     0.02695
     0.04956     0.01695
     0.04973     0.02179
     0.05039     0.02118
     0.04975     0.01804
     0.05101     0.01787
     0.05081     0.01992
     0.05062     0.01866
     0.05115     0.01561
     0.05127     0.02072
     0.05112     0.02068
     0.05254     0.01634
     0.05159     0.02214
     0.05280     0.01274
     0.05134     0.02113
     0.05260     0.02194
     0.05222     0.02416
     0.05105     0.02591
     0.05187     0.02228
     0.05195     0.02072
     0.05118     0.02354
     0.05142     0.01925
     0.05293     0.01646
     0.05182     0.02173
     0.05325     0.01457
     0.05148     0.02259
     0.05231     0.02077
     0.05144     0.02090
     0.05161     0.01587
     0.05095     0.02017
     0.05215     0.01825
     0.05197     0.02464
     0.05222     0.01847
     0.05262     0.01772
     0.05289     0.01538
     0.05164     0.02672
     0.05220     0.02055
     0.05144     0.02452
     0.05251     0.01906
     0.05192     0.02208
     0.05194     0.02430
     0.05229     0.02102
     0.05276     0.01757
     0.05259     0.02712
     0.05349     0.01873
     0.05206     0.02885
     0.05246     0.02149
     0.05278     0.02216
     0.05059     0.02574
     0.05214     0.02116
     0.05152     0.02040
     0.05188     0.02365
     0.05109     0.02347
     0.05220     0.02337
     0.05180     0.01766
     0.05333     0.01398
     0.05086     0.02788
     0.05325     0.01483
     0.05174     0.02299
     0.05015     0.02345
     0.05037     0.02729
     0.05020     0.03046
     0.05079     0.02528
     0.05112     0.02153
     0.05065     0.01980
     0.05192     0.02150
     0.05078     0.02218
     0.04946     0.02281
     0.04990     0.02590
     0.06053     0.02529
     0.06287     0.02201
     0.06262     0.01826
     0.06144     0.02128
     0.05990     0.02429
     0.05917     0.02559
     0.05979     0.02419
     0.05729     0.03324
     0.06014     0.02187
     0.06079     0.02596
     0.06019     0.02591
     0.05995     0.02035
     0.06031     0.02006
     0.05910     0.02643
     0.05890     0.02414
     0.05992     0.02095
     0.05927     0.02621
     0.05941     0.02472
     0.05965     0.02333
     0.06154     0.01428
     0.05868     0.02857
     0.06383     0.01941
     0.06349     0.01557
     0.06358     0.02151
     0.06080     0.04789
     0.06384     0.02506
     0.06348     0.02663
     0.06383     0.02730
     0.06325     0.02336
     0.06318     0.02365
     0.06263     0.02558
     0.06245     0.03083
     0.06280     0.02517
     0.06293     0.02184
     0.06187     0.02170
     0.06025     0.02934
     0.06060     0.03163
     0.06323     0.01879
     0.06261     0.01697
     0.06338     0.02067
     0.06216     0.02334
     0.06334     0.02444
     0.06036     0.02590
     0.05986     0.03040
     0.06090     0.02940
     0.06254     0.02664
     0.06096     0.02644
     0.06100     0.02382
     0.06145     0.02494
     0.06051     0.01879
     0.05954     0.02709
     0.05973     0.02361
     0.06170     0.02153
     0.05948     0.02620
     0.06120     0.02130
     0.06188     0.02523
     0.06139     0.02747
     0.06032     0.02688
     0.06301     0.02470
     0.06112     0.02412
     0.06041     0.02672
     0.06092     0.02112
     0.06181     0.02065
For totalREC_avg
    -0.00000     0.00000
     0.02344     0.00618
     0.02719     0.00599
     0.03216     0.00784
     0.03467     0.00678
     0.03671     0.00696
     0.04058     0.00698
     0.04338     0.00840
     0.04527     0.00765
     0.04801     0.00800
     0.04852     0.00967
     0.04876     0.00811
     0.04977     0.01225
     0.05092     0.00812
     0.04980     0.00839
     0.05163     0.01034
     0.05008     0.00868
     0.05101     0.00905
     0.05043     0.01168
     0.05147     0.01034
     0.05064     0.00954
     0.04988     0.00927
     0.04977     0.00824
     0.05013     0.01299
     0.05022     0.01972
     0.05031     0.01293
     0.05132     0.00899
     0.05314     0.00891
     0.05257     0.01253
     0.05481     0.00804
     0.05525     0.00904
     0.05628     0.00885
     0.05724     0.01452
     0.05868     0.01081
     0.06110     0.00985
     0.06115     0.01464
     0.06257     0.01219
     0.06278     0.01076
     0.06372     0.01266
     0.06477     0.00955
     0.06533     0.01362
     0.06560     0.01594
     0.06546     0.01397
     0.06589     0.01729
     0.06646     0.01473
     0.06678     0.01144
     0.06654     0.00999
     0.06777     0.01003
     0.06595     0.02009
     0.06726     0.01186
     0.06783     0.00982
     0.06812     0.01145
     0.06765     0.01344
     0.06711     0.00965
     0.06678     0.01145
     0.06581     0.01275
     0.06676     0.01050
     0.06689     0.01544
     0.06735     0.01142
     0.06713     0.01400
     0.06921     0.01105
     0.06856     0.01411
     0.06862     0.01451
     0.07013     0.01039
     0.07016     0.01758
     0.06918     0.01832
     0.07115     0.01327
     0.07040     0.01474
     0.07158     0.01137
     0.07157     0.01496
     0.07168     0.01107
     0.07159     0.01445
     0.07110     0.01372
     0.07207     0.01734
     0.07328     0.01437
     0.07269     0.01425
     0.07290     0.01238
     0.07305     0.01389
     0.07213     0.01527
     0.07161     0.01720
     0.07030     0.01822
     0.07117     0.01583
     0.07121     0.01659
     0.07061     0.01745
     0.07026     0.01358
     0.07249     0.01613
     0.07141     0.01258
     0.06929     0.01454
     0.07018     0.01637
     0.06870     0.01701
     0.07089     0.01061
     0.07088     0.01896
     0.07022     0.01782
     0.07123     0.01511
     0.07099     0.01978
     0.07262     0.01821
     0.07238     0.01485
     0.07259     0.01159
     0.07151     0.01993
     0.07188     0.01722
     0.07325     0.01258
     0.07196     0.02006
     0.07339     0.01569
     0.07327     0.01537
     0.07360     0.01323
     0.07209     0.01887
     0.07285     0.01191
     0.07264     0.01402
     0.07428     0.01576
     0.07529     0.01512
     0.07479     0.01439
     0.07458     0.01193
     0.07462     0.01567
     0.07343     0.01575
     0.07356     0.01553
     0.07359     0.01520
     0.07358     0.01225
     0.07338     0.01304
     0.07342     0.01110
     0.07236     0.01077
     0.07271     0.01283
     0.07137     0.01748
     0.07299     0.01402
     0.07111     0.01757
     0.07154     0.01751
     0.07259     0.01329
     0.07103     0.01571
     0.07188     0.01195
     0.07071     0.01664
     0.06944     0.02222
     0.07131     0.01536
     0.07260     0.01147
     0.07229     0.01345
     0.07187     0.01773
     0.07285     0.01401
     0.07404     0.01103
     0.07322     0.02126
     0.07228     0.01802
     0.07302     0.01678
     0.07253     0.01555
     0.07185     0.01993
     0.07222     0.01715
     0.07200     0.01679
     0.07232     0.01994
     0.07259     0.01267
     0.07155     0.02045
     0.07241     0.01598
     0.07308     0.01496
     0.07107     0.02444
     0.07084     0.01118
     0.07020     0.01962
     0.07098     0.01821
     0.06960     0.01698
     0.06954     0.01618
     0.07047     0.01259
     0.07052     0.01822
     0.07104     0.01287
     0.07061     0.01333
     0.07061     0.01502
     0.07039     0.02334
     0.07197     0.01131
     0.07143     0.01704
     0.07224     0.01510
     0.07328     0.01626
     0.07377     0.01287
     0.07184     0.01683
     0.07199     0.02221
     0.07368     0.01697
     0.07217     0.01826
     0.07351     0.01618
     0.07289     0.01860
     0.07298     0.01220
     0.07089     0.02736
     0.07200     0.02305
     0.07178     0.01862
     0.07274     0.01523
     0.06976     0.02098
     0.07009     0.01523
     0.06960     0.01506
     0.07016     0.01178
     0.06803     0.02105
     0.06828     0.02136
     0.06878     0.01852
     0.06817     0.01839
     0.06932     0.01598
     0.06882     0.01577
     0.07065     0.01121
     0.07040     0.01617
     0.06921     0.02010
     0.07027     0.02018
     0.06912     0.02212
     0.06992     0.02290
     0.07146     0.02063
     0.07148     0.01848
     0.07255     0.01716
     0.07295     0.01477
     0.07097     0.02031
     0.07349     0.01829
     0.07151     0.01907
     0.07224     0.01453
     0.07080     0.01636
     0.07189     0.02259
     0.07197     0.01714
     0.07232     0.02085
     0.07143     0.02561
     0.07315     0.01423
     0.07133     0.02394
     0.07322     0.01721
     0.07297     0.01894
     0.07308     0.01665
     0.07164     0.01921
     0.07155     0.02636
     0.07188     0.02016
     0.07223     0.01361
     0.07223     0.01610
     0.07269     0.01898
     0.07289     0.01796
     0.07384     0.02199
     0.07538     0.01745
     0.07437     0.02391
     0.07375     0.02463
     0.07484     0.02154
     0.07557     0.01953
     0.07650     0.01998
     0.07762     0.01956
     0.07775     0.01896
     0.07708     0.02221
     0.07717     0.02407
     0.07785     0.02245
     0.07722     0.02097
     0.07690     0.02558
     0.07781     0.01641
     0.07792     0.01955
     0.07474     0.02869
     0.07448     0.02097
     0.07390     0.02066
     0.07263     0.02438
     0.07437     0.02329
     0.07537     0.01781
     0.07524     0.02527
     0.07585     0.01669
     0.07609     0.02069
     0.07746     0.01558
     0.07626     0.02445
     0.07591     0.01838
     0.07757     0.02223
     0.07660     0.02978
     0.07773     0.02914
     0.07977     0.01799
     0.07911     0.02154
     0.07945     0.01709
     0.07767     0.02107
     0.07944     0.01798
     0.07998     0.01561
     0.07961     0.02332
     0.08076     0.02516
     0.07929     0.02048
     0.08021     0.01677
     0.07847     0.03241
     0.07883     0.01965
     0.07759     0.02362
     0.07877     0.02338
     0.07742     0.02243
     0.07723     0.02232
     0.07826     0.02348
     0.07898     0.01987
     0.07743     0.02261
     0.07872     0.02173
     0.07869     0.02627
     0.07871     0.02457
     0.08087     0.01914
     0.07966     0.02187
     0.07896     0.02501
     0.08238     0.02039
     0.07983     0.02134
     0.08060     0.01525
     0.08103     0.02449
     0.08126     0.02374
     0.07965     0.02372
     0.07909     0.02438
     0.07977     0.02432
     0.08088     0.02442
     0.07896     0.02348
     0.08194     0.02347
     0.08184     0.01900
     0.08201     0.01748
     0.08159     0.02468
     0.07937     0.02072
     0.08113     0.02656
     0.08010     0.02249
     0.07930     0.01917
     0.07989     0.02385
     0.08038     0.01978
     0.07805     0.02911
     0.07940     0.02138
     0.07995     0.01983
     0.07943     0.01958
     0.08003     0.02079
     0.07856     0.02503
     0.07857     0.02628
     0.08103     0.01863
     0.07833     0.02517
     0.08255     0.02291
     0.08230     0.02444
     0.08246     0.02498
     0.08289     0.02222
     0.08278     0.02264
     0.08151     0.02751
     0.08177     0.02136
     0.08207     0.02198
     0.08235     0.02316
     0.08201     0.02360
     0.08179     0.02006
     0.08072     0.02139
     0.08191     0.01754
     0.08182     0.02170
     0.08136     0.02476
     0.08082     0.02359
     0.08136     0.02662
     0.08102     0.02396
     0.08138     0.02383
     0.08023     0.02540
     0.08152     0.01757
     0.08060     0.02083
     0.08100     0.02127
     0.08040     0.02162
     0.08114     0.02195
     0.08095     0.01933
     0.08102     0.02311
     0.07933     0.02871
     0.08015     0.02245
     0.07993     0.01970
     0.07880     0.02291
     0.07927     0.02020
     0.08095     0.01722
     0.07901     0.02255
     0.07857     0.02303
     0.07802     0.02874
     0.08012     0.01750
     0.07650     0.02640
     0.07637     0.02525
     0.07729     0.02319
     0.07667     0.02480
     0.07614     0.02992
     0.07683     0.02612
     0.07775     0.01955
     0.07601     0.02280
     0.07749     0.02463
     0.07715     0.02204
     0.07639     0.02213
     0.07543     0.02574
     0.07656     0.02024
     0.07461     0.02392
     0.07516     0.01487
     0.07453     0.02451
     0.07514     0.01876
     0.07219     0.03061
     0.07370     0.02450
     0.07252     0.03175
     0.07546     0.02251
     0.07501     0.02657
     0.07719     0.02339
     0.07775     0.01666
     0.07470     0.02984
     0.07651     0.02718
For totalsize_max
    -0.00000     0.00000
     0.04252     0.00716
     0.04227     0.00680
     0.04132     0.00783
     0.04171     0.01165
     0.04217     0.00827
     0.04305     0.00748
     0.04196     0.00625
     0.04166     0.00694
     0.04252     0.00737
     0.04154     0.01269
     0.04144     0.00751
     0.04172     0.00679
     0.04185     0.01190
     0.04136     0.01576
     0.04215     0.00819
     0.04107     0.00778
     0.04221     0.00789
     0.04189     0.00953
     0.04224     0.00787
     0.04137     0.00818
     0.04161     0.00746
     0.04231     0.00906
     0.04210     0.00805
     0.04105     0.00813
     0.04163     0.00757
     0.03987     0.00798
     0.04097     0.00853
     0.04207     0.00843
     0.04058     0.01111
     0.04119     0.00829
     0.04205     0.00866
     0.04084     0.01283
     0.04174     0.00884
     0.04156     0.01292
     0.04162     0.00829
     0.04116     0.01440
     0.04085     0.00898
     0.04212     0.01190
     0.04156     0.00761
     0.04238     0.00860
     0.04028     0.01175
     0.04259     0.00873
     0.04238     0.00985
     0.04170     0.00942
     0.04262     0.00787
     0.04036     0.00858
     0.04130     0.01347
     0.04250     0.00883
     0.04221     0.00974
     0.04008     0.01504
     0.04157     0.01414
     0.04223     0.01401
     0.04377     0.00969
     0.04169     0.01295
     0.04237     0.01305
     0.04244     0.00974
     0.04311     0.00761
     0.04194     0.01418
     0.04237     0.01004
     0.04186     0.01246
     0.04142     0.01472
     0.04275     0.00893
     0.04187     0.01647
     0.04091     0.00953
     0.04104     0.01137
     0.04135     0.01382
     0.03997     0.01254
     0.04088     0.01487
     0.04031     0.01410
     0.04193     0.00926
     0.04149     0.00907
     0.04286     0.01583
     0.04120     0.00827
     0.04202     0.01027
     0.04048     0.01533
     0.04139     0.01037
     0.04084     0.00923
     0.04151     0.01567
     0.04067     0.00861
     0.04275     0.00987
     0.04145     0.00998
     0.04163     0.01113
     0.04137     0.01021
     0.04221     0.01152
     0.04181     0.01483
     0.04188     0.01761
     0.04245     0.00902
     0.04175     0.01107
     0.04069     0.01352
     0.04135     0.01619
     0.04230     0.01306
     0.04287     0.01374
     0.04156     0.01724
     0.04115     0.01346
     0.04168     0.01381
     0.04175     0.00919
     0.04003     0.01633
     0.04252     0.01330
     0.04207     0.00855
     0.04299     0.01366
     0.04237     0.01602
     0.04164     0.01647
     0.04214     0.01008
     0.04149     0.02250
     0.04162     0.00962
     0.04091     0.01241
     0.04142     0.01449
     0.04089     0.01613
     0.04130     0.02058
     0.04125     0.01432
     0.04122     0.01345
     0.04033     0.01572
     0.04148     0.01598
     0.04256     0.01404
     0.04242     0.01228
     0.04199     0.01782
     0.04203     0.01437
     0.04172     0.01368
     0.04122     0.01737
     0.04097     0.01474
     0.04258     0.00897
     0.04163     0.01542
     0.04259     0.01504
     0.04018     0.01400
     0.04172     0.01085
     0.04027     0.01758
     0.04010     0.01912
     0.03971     0.01735
     0.04223     0.01779
     0.04114     0.01403
     0.04179     0.01759
     0.04097     0.02239
     0.04277     0.01894
     0.03996     0.01642
     0.04041     0.01682
     0.04134     0.01628
     0.04289     0.01499
     0.04254     0.01906
     0.04195     0.01980
     0.04179     0.02080
     0.04057     0.02028
     0.04122     0.01965
     0.04202     0.01996
     0.04305     0.00970
     0.04238     0.01956
     0.04198     0.01555
     0.04264     0.01736
     0.04304     0.01135
     0.04344     0.00936
     0.04057     0.01557
     0.04041     0.02059
     0.04210     0.01518
     0.04186     0.01294
     0.04354     0.01615
     0.04127     0.02094
     0.04312     0.01974
     0.04249     0.01258
     0.04329     0.01767
     0.03997     0.02059
     0.04411     0.01691
     0.04299     0.00980
     0.04258     0.01830
     0.04294     0.02119
     0.04321     0.02044
     0.04262     0.01758
     0.04165     0.02204
     0.04285     0.01904
     0.04330     0.01115
     0.04304     0.01712
     0.04127     0.01863
     0.04188     0.01254
     0.04155     0.01086
     0.04251     0.01814
     0.04123     0.01726
     0.04048     0.02182
     0.04237     0.01530
     0.04206     0.02167
     0.04250     0.01465
     0.04249     0.02199
     0.04070     0.01652
     0.04268     0.01322
     0.04185     0.02022
     0.04315     0.01945
     0.04239     0.02182
     0.04315     0.01871
     0.03989     0.02254
     0.04151     0.01970
     0.04149     0.01533
     0.04167     0.02216
     0.04199     0.01893
     0.04236     0.01844
     0.04290     0.01348
     0.04300     0.01725
     0.04184     0.01875
     0.04226     0.01897
     0.04293     0.01746
     0.04347     0.01281
     0.04191     0.01189
     0.04249     0.02354
     0.04360     0.01860
     0.04100     0.02698
     0.04235     0.01716
     0.04273     0.01699
     0.04150     0.02305
     0.04193     0.01976
     0.04269     0.01147
     0.04221     0.01814
     0.04143     0.02114
     0.04154     0.01822
     0.04209     0.02343
     0.04282     0.02113
     0.04024     0.02859
     0.04201     0.02066
     0.04173     0.02293
     0.04216     0.01877
     0.04200     0.01833
     0.04149     0.01935
     0.04121     0.01988
     0.04310     0.01622
     0.04273     0.01421
     0.04209     0.02066
     0.04028     0.02650
     0.04081     0.04797
     0.04270     0.01832
     0.04423     0.01476
     0.04198     0.02494
     0.04214     0.02133
     0.04310     0.01740
     0.04066     0.02483
     0.04247     0.01948
     0.04363     0.01223
     0.04224     0.01501
     0.04309     0.01652
     0.04221     0.01757
     0.04170     0.01394
     0.04137     0.02645
     0.04060     0.02222
     0.04228     0.01776
     0.04250     0.01777
     0.04282     0.01849
     0.04290     0.01667
     0.04366     0.01779
     0.04167     0.01782
     0.04294     0.01587
     0.04238     0.01807
     0.04315     0.02092
     0.04183     0.02763
     0.04392     0.01394
     0.04251     0.02293
     0.04140     0.02561
     0.04338     0.02271
     0.04302     0.02419
     0.04240     0.01364
     0.04030     0.02181
     0.04141     0.02234
     0.04174     0.01721
     0.04357     0.02052
     0.04266     0.02231
     0.04272     0.02438
     0.04332     0.01865
     0.04123     0.01825
     0.04205     0.02228
     0.04186     0.02417
     0.04272     0.01471
     0.04298     0.01931
     0.04229     0.01895
     0.04072     0.02512
     0.04207     0.01220
     0.04295     0.02273
     0.04165     0.02409
     0.03886     0.05020
     0.04338     0.02026
     0.04083     0.02605
     0.04124     0.01928
     0.04167     0.02413
     0.04246     0.02118
     0.04111     0.02319
     0.04183     0.01443
     0.04266     0.02404
     0.04132     0.02026
     0.04184     0.01518
     0.04048     0.02223
     0.04227     0.02088
     0.04210     0.02327
     0.04106     0.02808
     0.04470     0.01676
     0.04069     0.02791
     0.04251     0.01868
     0.04032     0.02631
     0.04221     0.02000
     0.04302     0.02075
     0.04068     0.02377
     0.04115     0.02147
     0.04091     0.02700
     0.04133     0.02128
     0.04191     0.02578
     0.04285     0.02001
     0.04194     0.02605
     0.04104     0.02330
     0.04358     0.02495
     0.04174     0.01963
     0.04343     0.01890
     0.04285     0.02112
     0.04237     0.02555
     0.04129     0.02532
     0.04203     0.02960
     0.03989     0.03086
     0.04439     0.01836
     0.04064     0.02036
     0.04328     0.02282
     0.04206     0.02676
     0.04157     0.01816
     0.04169     0.02380
     0.04357     0.03085
     0.04344     0.01979
     0.03988     0.02480
     0.04073     0.02634
     0.04179     0.02345
     0.04236     0.02073
     0.04203     0.02309
     0.04322     0.02372
     0.04341     0.02259
     0.03947     0.02529
     0.04291     0.01872
     0.03930     0.05162
     0.04462     0.02172
     0.04125     0.02383
     0.04221     0.02318
     0.04384     0.01939
     0.04170     0.02533
     0.04169     0.02020
     0.04249     0.02296
     0.04239     0.02507
     0.04256     0.01833
     0.04069     0.02674
     0.04224     0.01793
     0.04074     0.03271
     0.04268     0.01813
     0.04473     0.02570
     0.04279     0.02304
     0.04161     0.02928
     0.04121     0.02401
     0.04206     0.03019
     0.04383     0.02596
     0.04217     0.02547
     0.04224     0.02495
     0.04201     0.02299
     0.04438     0.01951
     0.04457     0.01993
     0.04324     0.02348
     0.04268     0.02803
     0.04264     0.02434
     0.04386     0.02209
     0.04382     0.02269
     0.04118     0.03142
     0.04159     0.02324
     0.04183     0.02878
     0.04119     0.02851
     0.04377     0.02839
     0.04240     0.02395
     0.04294     0.02851
     0.04341     0.04299
     0.04501     0.01773
     0.04256     0.02573
For totalsize_avg
     0.00000     0.00000
     0.06939     0.00869
     0.07195     0.00970
     0.07270     0.00997
     0.07328     0.01006
     0.07314     0.00965
     0.07388     0.00992
     0.07353     0.00949
     0.07475     0.01051
     0.07435     0.01207
     0.07441     0.01065
     0.07582     0.01059
     0.07466     0.00886
     0.07356     0.01118
     0.07559     0.01095
     0.07428     0.01063
     0.07603     0.01008
     0.07336     0.01345
     0.07556     0.00938
     0.07429     0.01073
     0.07668     0.01031
     0.07496     0.01150
     0.07587     0.01079
     0.07562     0.01010
     0.07524     0.01558
     0.07633     0.00961
     0.07606     0.01070
     0.07475     0.01016
     0.07500     0.01040
     0.07681     0.01022
     0.07512     0.01387
     0.07652     0.01335
     0.07790     0.01137
     0.07830     0.01017
     0.07752     0.00868
     0.07699     0.01009
     0.07830     0.00976
     0.07653     0.01053
     0.07732     0.01795
     0.07658     0.01291
     0.07837     0.01172
     0.07738     0.01036
     0.07869     0.01021
     0.07802     0.01219
     0.07681     0.01996
     0.07748     0.01228
     0.07702     0.01320
     0.07971     0.01126
     0.07817     0.01063
     0.07761     0.01517
     0.07808     0.01067
     0.07631     0.00990
     0.07596     0.01373
     0.07828     0.00940
     0.07790     0.01314
     0.07965     0.01503
     0.07950     0.01067
     0.07859     0.01102
     0.07932     0.01210
     0.07792     0.01452
     0.07978     0.01224
     0.07996     0.01256
     0.07920     0.00952
     0.08009     0.01414
     0.07677     0.01199
     0.07753     0.01442
     0.07604     0.01683
     0.07731     0.01165
     0.07819     0.01494
     0.07690     0.01689
     0.07738     0.01658
     0.07765     0.01701
     0.07928     0.01379
     0.07791     0.01678
     0.07792     0.01706
     0.07759     0.01317
     0.07705     0.01658
     0.07794     0.01180
     0.07899     0.01439
     0.07812     0.01573
     0.07743     0.01597
     0.07762     0.01665
     0.07786     0.01184
     0.07526     0.01551
     0.07613     0.00994
     0.07924     0.01040
     0.07920     0.02008
     0.08032     0.01874
     0.07905     0.01655
     0.07938     0.01230
     0.07790     0.01545
     0.07604     0.01437
     0.07637     0.02277
     0.07696     0.01641
     0.07645     0.01659
     0.07675     0.02000
     0.07749     0.01193
     0.07644     0.01574
     0.07701     0.01626
     0.07707     0.01309
     0.07935     0.01442
     0.07887     0.01401
     0.07832     0.01207
     0.07775     0.01490
     0.07770     0.01307
     0.07699     0.01163
     0.07908     0.01384
     0.07806     0.01282
     0.07884     0.01742
     0.07910     0.01265
     0.07647     0.01278
     0.07558     0.01894
     0.07763     0.01168
     0.07855     0.01867
     0.07695     0.01857
     0.07753     0.01728
     0.07963     0.01587
     0.07760     0.01519
     0.07717     0.01915
     0.07759     0.01137
     0.07783     0.01535
     0.07887     0.02010
     0.07689     0.01571
     0.07663     0.01499
     0.07773     0.01198
     0.07485     0.01780
     0.07551     0.01157
     0.07583     0.01652
     0.07742     0.01793
     0.07698     0.01539
     0.07742     0.01267
     0.07725     0.01078
     0.07702     0.01736
     0.07815     0.01613
     0.07727     0.01963
     0.07686     0.01106
     0.07762     0.01831
     0.07733     0.01111
     0.07600     0.01994
     0.07697     0.01834
     0.07709     0.02055
     0.07729     0.01302
     0.07682     0.01906
     0.07682     0.01701
     0.07617     0.01392
     0.07902     0.01441
     0.07911     0.01222
     0.07998     0.01162
     0.07734     0.02596
     0.07742     0.01514
     0.07904     0.01368
     0.07648     0.01784
     0.07671     0.01851
     0.07713     0.01796
     0.07538     0.02193
     0.07571     0.01425
     0.07602     0.01968
     0.07730     0.01211
     0.07651     0.01936
     0.07531     0.02377
     0.07497     0.01998
     0.07905     0.01762
     0.07760     0.02149
     0.07824     0.01731
     0.07806     0.01855
     0.07914     0.01625
     0.07811     0.01785
     0.07774     0.01953
     0.07584     0.02023
     0.07764     0.01806
     0.07546     0.02418
     0.07823     0.01850
     0.07739     0.02309
     0.07776     0.01675
     0.07873     0.01380
     0.07645     0.01994
     0.07701     0.01961
     0.07766     0.01557
     0.07804     0.01344
     0.07922     0.02197
     0.07710     0.01610
     0.07682     0.02297
     0.07736     0.01908
     0.07698     0.01969
     0.07701     0.01878
     0.07626     0.01847
     0.07556     0.01955
     0.07596     0.02279
     0.07532     0.01552
     0.07700     0.01849
     0.07638     0.02096
     0.07540     0.02270
     0.07528     0.02292
     0.07721     0.01559
     0.07584     0.02261
     0.07705     0.01849
     0.07842     0.01669
     0.07736     0.01955
     0.07698     0.02008
     0.07704     0.02375
     0.07855     0.01557
     0.07714     0.01622
     0.07712     0.01681
     0.07581     0.02271
     0.07883     0.01336
     0.07733     0.01535
     0.07887     0.01744
     0.07711     0.02108
     0.07771     0.01614
     0.07842     0.01259
     0.07698     0.02858
     0.07476     0.02293
     0.07594     0.02704
     0.07597     0.02403
     0.07665     0.02257
     0.07625     0.01972
     0.07624     0.02417
     0.07719     0.02107
     0.07583     0.02700
     0.07878     0.02019
     0.08005     0.01881
     0.07837     0.01970
     0.07597     0.02660
     0.07748     0.02378
     0.07845     0.02339
     0.07760     0.01842
     0.07760     0.01621
     0.07697     0.01837
     0.07783     0.01726
     0.07712     0.01569
     0.07763     0.02241
     0.07826     0.02288
     0.07845     0.01940
     0.07654     0.02325
     0.07746     0.01775
     0.07690     0.02302
     0.07819     0.02115
     0.07836     0.02506
     0.07982     0.02059
     0.07893     0.02217
     0.07967     0.01903
     0.07737     0.02215
     0.07799     0.02461
     0.07894     0.01845
     0.07767     0.02327
     0.07644     0.02355
     0.07961     0.01823
     0.07716     0.01922
     0.07773     0.02592
     0.07782     0.02202
     0.08042     0.01751
     0.08044     0.02172
     0.07846     0.01970
     0.07794     0.01939
     0.08011     0.01612
     0.08000     0.01898
     0.07704     0.01759
     0.07887     0.01796
     0.07901     0.02248
     0.07916     0.02554
     0.07777     0.02180
     0.07919     0.02634
     0.07893     0.02430
     0.07806     0.02079
     0.08048     0.01980
     0.07849     0.02378
     0.08006     0.01624
     0.07864     0.01940
     0.07813     0.02313
     0.07923     0.02107
     0.07784     0.01712
     0.07904     0.01964
     0.07728     0.02798
     0.07807     0.01644
     0.07612     0.02499
     0.07825     0.02194
     0.07689     0.02310
     0.07933     0.02121
     0.07909     0.02256
     0.07862     0.02700
     0.07894     0.02077
     0.07668     0.02897
     0.07878     0.02100
     0.07812     0.02379
     0.07958     0.02400
     0.07763     0.02382
     0.07773     0.02561
     0.07668     0.02832
     0.07864     0.01876
     0.07839     0.02376
     0.07843     0.02187
     0.07830     0.02843
     0.07934     0.01785
     0.07995     0.02045
     0.07733     0.02409
     0.07858     0.02677
     0.07942     0.02087
     0.07895     0.02570
     0.07717     0.02258
     0.07663     0.02353
     0.07771     0.02655
     0.07778     0.02094
     0.07678     0.02624
     0.07684     0.02585
     0.07759     0.01734
     0.07940     0.02811
     0.08004     0.02317
     0.07853     0.02440
     0.07715     0.02310
     0.07765     0.02266
     0.07936     0.02694
     0.07871     0.01745
     0.07730     0.02143
     0.07879     0.02318
     0.07765     0.02110
     0.07732     0.01829
     0.07808     0.02325
     0.07845     0.02329
     0.07893     0.02784
     0.07930     0.02341
     0.07650     0.02674
     0.07845     0.02075
     0.07804     0.02667
     0.07749     0.03195
     0.07854     0.02124
     0.07760     0.02632
     0.07757     0.02299
     0.07775     0.02657
     0.07796     0.01566
     0.07783     0.02545
     0.07943     0.01949
     0.07495     0.03000
     0.07622     0.02730
     0.07648     0.02684
     0.07685     0.02345
     0.07744     0.02733
     0.07823     0.02096
     0.07757     0.02478
     0.07483     0.02484
     0.07745     0.03012
     0.07737     0.02913
     0.07693     0.02545
     0.07621     0.03297
     0.07701     0.02355
     0.07721     0.02979
     0.07827     0.02129
     0.07632     0.02714
     0.07749     0.01668
     0.07563     0.02217
     0.07864     0.02512
     0.08000     0.02640
     0.07596     0.02559
     0.07757     0.02414
     0.07742     0.02534
     0.07651     0.02557
     0.07723     0.02462
     0.07608     0.02707
     0.07547     0.02375
     0.07644     0.02884
     0.07631     0.02640
     0.07664     0.03002
     0.07768     0.02558
     0.07569     0.02994
     0.07807     0.02322
     0.07368     0.02643
