# Intensification regions on TEC maps
# year month day hour minute second index_intensification TECmax[TECU] lat@TECmax[degree] lon@TECmax[degree] TECmedian[TECU] TECmin[TECU] REC[GECU] relative_size num_of_stations
2016   1   1   0   0   0   1    97.6    22.5  -155.5    80.5    67.6    0.058054    0.009645   1
2016   1   1   0   0   0   2    94.2   -21.5  -168.5    75.5    67.1    0.106392    0.018488   4
2016   1   1   0  15   0   1    95.5    22.5  -155.5    79.6    67.8    0.053469    0.008966   1
2016   1   1   0  15   0   2    95.2   -21.5  -168.5    76.3    67.7    0.115184    0.019784   4
2016   1   1   0  30   0   1    91.6    21.5  -155.5    77.8    67.3    0.045836    0.007870   1
2016   1   1   0  30   0   2    97.4   -21.5  -167.5    76.6    67.1    0.122567    0.020910   5
2016   1   1   0  45   0   1    85.4    22.5  -158.5    74.5    66.0    0.036430    0.006559   1
2016   1   1   0  45   0   2   100.4   -22.5  -165.5    75.4    66.0    0.129324    0.022207   6
2016   1   1   1   0   0   1    79.3    22.5  -160.5    71.0    64.4    0.028604    0.005417   1
2016   1   1   1   0   0   2   101.5   -21.5  -166.5    73.8    64.1    0.132380    0.023102   6
2016   1   1   1  15   0   1    71.6    23.5  -164.5    66.7    62.7    0.019283    0.003904   1
2016   1   1   1  15   0   2    99.6   -21.5  -167.5    71.6    62.4    0.130127    0.023333   6
2016   1   1   1  30   0   1    64.5    23.5  -167.5    62.2    60.2    0.010548    0.002299   1
2016   1   1   1  30   0   2    62.4     6.5  -138.5    61.4    60.1    0.011067    0.002269   0
2016   1   1   1  30   0   3    96.3   -21.5  -167.5    69.0    60.1    0.126190    0.023380   6
2016   1   1   1  45   0   1    61.8     7.5  -140.5    59.5    57.3    0.019392    0.004105   0
2016   1   1   1  45   0   2    92.4   -21.5  -168.5    67.1    57.3    0.118737    0.022731   6
2016   1   1   2   0   0   1    60.9     7.5  -142.5    57.8    55.0    0.023173    0.005046   0
2016   1   1   2   0   0   2    89.4   -20.5  -169.5    65.6    55.0    0.113334    0.022191   5
2016   1   1   2  15   0   1    59.8     7.5  -144.5    56.2    53.1    0.025286    0.005664   0
2016   1   1   2  15   0   2    86.3   -20.5  -169.5    64.0    53.1    0.104883    0.021003   5
2016   1   1   2  30   0   1    59.4     8.5  -148.5    55.3    51.8    0.027741    0.006327   0
2016   1   1   2  30   0   2    84.0   -20.5  -169.5    62.7    51.8    0.099023    0.020231   5
2016   1   1   2  45   0   1    59.4     9.5  -153.5    54.7    51.0    0.029886    0.006898   0
2016   1   1   2  45   0   2    81.3   -20.5  -170.5    62.2    51.0    0.089065    0.018472   5
2016   1   1   3   0   0   1    59.9    10.5  -156.5    54.4    50.5    0.030667    0.007114   0
2016   1   1   3   0   0   2    56.9     1.5   -99.5    53.6    50.5    0.008566    0.001991   0
2016   1   1   3   0   0   3    78.6   -20.5  -171.5    61.8    50.5    0.081139    0.016991   5
2016   1   1   3  15   0   1    60.1    11.5  -160.5    54.1    49.9    0.030719    0.007176   0
2016   1   1   3  15   0   2    61.2     2.5  -101.5    55.8    49.9    0.016565    0.003719   0
2016   1   1   3  15   0   3    75.9   -19.5  -175.5    61.3    49.9    0.074625    0.015772   5
2016   1   1   3  30   0   1    60.2    11.5  -163.5    53.5    48.5    0.032097    0.007593   0
2016   1   1   3  30   0   2    59.8     2.5  -103.5    54.5    49.2    0.015515    0.003565   0
2016   1   1   3  30   0   3    74.7   -17.5   177.5    60.5    48.0    0.073075    0.015633   6
2016   1   1   3  30   0   4    51.5   -26.5  -100.5    50.5    49.1    0.003685    0.001019   0
2016   1   1   3  45   0   1    59.8    12.5  -166.5    53.0    47.9    0.030836    0.007361   0
2016   1   1   3  45   0   2    57.1     2.5  -105.5    52.7    48.4    0.013256    0.003148   0
2016   1   1   3  45   0   3    74.1   -17.5   178.5    60.2    47.5    0.070150    0.015093   6
2016   1   1   3  45   0   4    51.7   -26.5  -101.5    50.2    48.5    0.005404    0.001497   1
2016   1   1   4   0   0   1    58.4    12.5  -167.5    52.5    46.9    0.029352    0.007114   0
2016   1   1   4   0   0   2    54.8     2.5  -106.5    51.4    47.7    0.011276    0.002747   0
2016   1   1   4   0   0   3    72.5   -16.5   176.5    58.7    47.6    0.072266    0.015849   6
2016   1   1   4   0   0   4    51.7   -26.5  -102.5    49.8    47.9    0.006341    0.001775   1
2016   1   1   4  15   0   1    55.6    12.5  -168.5    51.3    46.7    0.025800    0.006404   0
2016   1   1   4  15   0   2    52.4     3.5  -108.5    49.6    46.7    0.009917    0.002500   0
2016   1   1   4  15   0   3    71.3   -16.5   177.5    57.6    46.7    0.073823    0.016466   6
2016   1   1   4  15   0   4    50.9   -26.5  -103.5    48.9    47.1    0.005687    0.001620   1
2016   1   1   4  30   0   1    52.8    12.5  -171.5    49.6    45.7    0.021309    0.005494   0
2016   1   1   4  30   0   2    50.7     3.5  -109.5    48.2    45.7    0.008964    0.002330   0
2016   1   1   4  30   0   3    70.6   -16.5  -179.5    56.5    45.7    0.074625    0.016867   7
2016   1   1   4  30   0   4    50.0   -25.5  -106.5    47.9    45.7    0.006265    0.001821   1
2016   1   1   4  45   0   1    50.1    13.5  -176.5    47.1    44.3    0.020951    0.005679   0
2016   1   1   4  45   0   2    48.6     3.5  -111.5    46.5    44.5    0.007667    0.002068   0
2016   1   1   4  45   0   3    70.2   -17.5  -177.5    55.2    44.7    0.074299    0.017207   7
2016   1   1   4  45   0   4    49.2   -25.5  -108.5    46.7    44.5    0.008063    0.002392   1
2016   1   1   5   0   0   1    48.4    14.5  -179.5    45.7    43.7    0.017012    0.004769   0
2016   1   1   5   0   0   2    45.8     3.5  -116.5    44.9    43.7    0.004031    0.001127   0
2016   1   1   5   0   0   3    70.2   -17.5  -178.5    54.0    43.1    0.074399    0.017593   7
2016   1   1   5   0   0   4    48.9   -24.5  -112.5    46.0    43.7    0.011014    0.003318   1
2016   1   1   5  15   0   1    47.5    14.5   174.5    44.4    43.0    0.018931    0.005448   2
2016   1   1   5  15   0   2    68.7   -17.5  -178.5    52.3    43.0    0.072230    0.017593   7
2016   1   1   5  15   0   3    48.5   -24.5  -114.5    45.5    43.1    0.014044    0.004290   1
2016   1   1   5  30   0   1    47.2    14.5   171.5    44.0    42.5    0.022219    0.006451   2
2016   1   1   5  30   0   2    67.4   -17.5  -178.5    51.6    42.6    0.067848    0.016759   7
2016   1   1   5  30   0   3    47.9   -24.5  -117.5    45.1    42.6    0.015209    0.004676   1
2016   1   1   5  45   0   1    46.6    15.5   168.5    43.5    41.5    0.023575    0.006944   3
2016   1   1   5  45   0   2    65.7   -17.5  -178.5    50.7    42.0    0.064109    0.016127   6
2016   1   1   5  45   0   3    47.5   -23.5  -119.5    44.6    42.0    0.017243    0.005340   1
2016   1   1   6   0   0   1    46.2    15.5   165.5    43.5    41.5    0.012240    0.003627   0
2016   1   1   6   0   0   2    44.4    12.5   126.5    42.8    41.5    0.008628    0.002577   3
2016   1   1   6   0   0   3    64.0   -17.5  -178.5    46.8    41.4    0.076477    0.020540   7
2016   1   1   6  15   0   1    44.9    15.5   163.5    42.4    40.4    0.010155    0.003086   0
2016   1   1   6  15   0   2    43.7    12.5   121.5    41.6    40.4    0.017914    0.005509   2
2016   1   1   6  15   0   3    61.5   -18.5  -176.5    46.1    40.4    0.070804    0.019398   6
2016   1   1   6  30   0   1    42.9    14.5   159.5    41.2    39.8    0.006666    0.002083   0
2016   1   1   6  30   0   2    42.9    12.5   117.5    40.8    39.5    0.019688    0.006157   1
2016   1   1   6  30   0   3    58.7   -18.5  -176.5    45.5    39.6    0.066901    0.018735   6
2016   1   1   6  45   0   1    41.6    11.5    85.5    40.0    38.7    0.019696    0.006296   3
2016   1   1   6  45   0   2    55.5   -18.5  -176.5    44.7    38.7    0.063509    0.018302   5
2016   1   1   6  45   0   3    42.2   -31.5   -96.5    40.4    38.7    0.007534    0.002716   1
2016   1   1   7   0   0   1    42.5    10.5    82.5    39.6    37.9    0.020242    0.006512   3
2016   1   1   7   0   0   2    52.6   -19.5  -167.5    44.2    38.0    0.060527    0.017932   5
2016   1   1   7   0   0   3    43.7   -30.5   -98.5    40.6    38.1    0.012363    0.004398   1
2016   1   1   7  15   0   1    43.1    10.5    80.5    39.6    37.7    0.019985    0.006420   3
2016   1   1   7  15   0   2    51.1   -19.5  -166.5    42.2    37.6    0.071868    0.022593   6
2016   1   1   7  30   0   1    43.4    10.5    78.5    39.4    37.3    0.020252    0.006497   2
2016   1   1   7  30   0   2    48.8   -19.5  -166.5    41.3    37.2    0.070620    0.022654   5
2016   1   1   7  45   0   1    43.5    10.5    76.5    39.4    36.8    0.022232    0.007145   2
2016   1   1   7  45   0   2    48.1   -19.5  -150.5    40.7    36.7    0.066958    0.021883   5
2016   1   1   8   0   0   1    43.6    11.5    76.5    39.6    36.6    0.024130    0.007747   2
2016   1   1   8   0   0   2    47.8   -19.5  -151.5    40.2    36.2    0.064242    0.021235   5
2016   1   1   8  15   0   1    43.7    11.5    76.5    39.6    36.4    0.026476    0.008503   2
2016   1   1   8  15   0   2    37.3    10.5    34.5    36.9    36.5    0.003010    0.001034   1
2016   1   1   8  15   0   3    46.8   -18.5  -153.5    39.6    36.0    0.057972    0.019321   5
2016   1   1   8  30   0   1    43.8    12.5    77.5    39.2    36.0    0.030156    0.009784   2
2016   1   1   8  30   0   2    38.4     9.5    34.5    37.2    36.0    0.007685    0.002623   1
2016   1   1   8  30   0   3    45.4   -18.5  -158.5    39.4    35.5    0.046264    0.015571   4
2016   1   1   8  45   0   1    44.8    12.5    77.5    38.0    35.5    0.047786    0.015802   3
2016   1   1   8  45   0   2    44.6   -17.5  -171.5    40.4    35.4    0.034217    0.011219   3
2016   1   1   9   0   0   1    46.9    12.5    75.5    38.4    35.6    0.054657    0.017840   3
2016   1   1   9   0   0   2    44.5   -17.5  -172.5    40.4    35.5    0.030541    0.010000   3
2016   1   1   9  15   0   1    48.1    12.5    73.5    38.3    35.3    0.061142    0.019907   3
2016   1   1   9  15   0   2    43.5   -17.5  -172.5    39.7    35.5    0.025907    0.008611   3
2016   1   1   9  30   0   1    48.0    13.5    71.5    38.4    35.4    0.063473    0.020648   3
2016   1   1   9  30   0   2    42.8   -17.5  -173.5    39.0    35.4    0.020623    0.006975   3
2016   1   1   9  45   0   1    46.6    13.5    69.5    38.0    35.0    0.062387    0.020586   3
2016   1   1   9  45   0   2    42.8   -18.5  -174.5    38.2    35.0    0.017094    0.005864   3
2016   1   1   9  45   0   3    36.1   -15.5    -7.5    35.6    35.0    0.003361    0.001219   1
2016   1   1  10   0   0   1    45.3    13.5    68.5    37.9    34.6    0.062037    0.020694   3
2016   1   1  10   0   0   2    36.5   -15.5    -8.5    35.6    34.7    0.005750    0.002083   1
2016   1   1  10   0   0   3    42.5   -18.5  -176.5    37.6    34.7    0.014730    0.005123   3
2016   1   1  10  15   0   1    44.4    13.5    67.5    37.6    35.0    0.065494    0.022022   5
2016   1   1  10  15   0   2    36.4   -14.5    -9.5    35.8    35.1    0.004370    0.001574   1
2016   1   1  10  15   0   3    42.1   -18.5  -176.5    38.0    35.0    0.010631    0.003673   3
2016   1   1  10  30   0   1    43.9    12.5    68.5    37.7    35.1    0.071212    0.023889   5
2016   1   1  10  30   0   2    36.2   -14.5   -11.5    35.7    35.2    0.004017    0.001451   1
2016   1   1  10  30   0   3    41.1   -18.5  -176.5    37.8    35.1    0.007893    0.002747   3
2016   1   1  10  45   0   1    43.5    12.5    70.5    38.2    35.3    0.076561    0.025494   6
2016   1   1  10  45   0   2    39.7   -18.5  -178.5    37.4    35.3    0.005355    0.001883   2
2016   1   1  11   0   0   1    44.0    11.5    74.5    38.8    35.8    0.083328    0.027284   6
2016   1   1  11  15   0   1    44.9    11.5    74.5    39.4    36.5    0.089583    0.028858   6
2016   1   1  11  30   0   1    46.1    16.5    -7.5    40.1    37.1    0.092356    0.029259   7
2016   1   1  11  45   0   1    47.1    16.5    -7.5    40.8    37.7    0.091133    0.028503   7
2016   1   1  12   0   0   1    47.8    16.5    -8.5    41.3    38.3    0.093185    0.028735   7
2016   1   1  12  15   0   1    49.1    16.5    -9.5    41.6    38.5    0.093034    0.028287   6
2016   1   1  12  30   0   1    50.7    16.5   -10.5    42.0    38.5    0.092580    0.027855   5
2016   1   1  12  45   0   1    49.5    16.5   -13.5    42.1    38.1    0.093925    0.028194   5
2016   1   1  13   0   0   1    50.3    -4.5    -5.5    42.5    38.4    0.094689    0.028225   6
2016   1   1  13  15   0   1    51.6    -5.5    -8.5    42.8    38.6    0.093179    0.027562   5
2016   1   1  13  30   0   1    52.0    -5.5    -9.5    42.9    39.0    0.093133    0.027330   5
2016   1   1  13  45   0   1    51.5    -5.5    -9.5    43.2    39.3    0.090832    0.026512   5
2016   1   1  14   0   0   1    50.7    -5.5    -8.5    43.3    39.4    0.090297    0.026327   5
2016   1   1  14  15   0   1    50.9    -4.5    -4.5    43.3    39.4    0.089873    0.026235   5
2016   1   1  14  30   0   1    51.4    -5.5    -6.5    43.2    39.3    0.091018    0.026512   5
2016   1   1  14  45   0   1    51.4    -6.5    -8.5    42.9    39.3    0.090933    0.026590   6
2016   1   1  14  45   0   2    41.9    -9.5   -86.5    40.9    39.7    0.004288    0.001327   0
2016   1   1  15   0   0   1    51.3    16.5   -16.5    43.2    39.4    0.090247    0.026188   6
2016   1   1  15   0   0   2    42.6    -8.5   -88.5    41.3    39.9    0.006503    0.001991   0
2016   1   1  15  15   0   1    52.7    16.5   -17.5    43.5    39.8    0.088509    0.025463   5
2016   1   1  15  15   0   2    43.2    -8.5   -90.5    41.7    40.0    0.008556    0.002593   0
2016   1   1  15  30   0   1    53.8    15.5   -20.5    44.1    40.3    0.089229    0.025278   7
2016   1   1  15  30   0   2    43.4    -7.5   -93.5    41.9    40.5    0.009702    0.002917   0
2016   1   1  15  45   0   1    54.8    15.5   -21.5    44.6    40.4    0.088833    0.024938   7
2016   1   1  15  45   0   2    42.5    -5.5   -96.5    41.5    40.5    0.008766    0.002654   0
2016   1   1  16   0   0   1    56.1    15.5   -23.5    45.5    41.0    0.092200    0.025355   9
2016   1   1  16   0   0   2    42.0    -4.5   -99.5    41.5    41.0    0.005972    0.001806   0
2016   1   1  16  15   0   1    55.6    16.5   -23.5    46.0    41.4    0.090075    0.024614   9
2016   1   1  16  15   0   2    42.1    -3.5   -99.5    41.8    41.4    0.008914    0.002685   0
2016   1   1  16  30   0   1    54.2    16.5   -24.5    46.7    41.6    0.085000    0.023102   8
2016   1   1  16  30   0   2    43.6   -10.5   -86.5    42.6    41.7    0.014535    0.004306   0
2016   1   1  16  45   0   1    52.6    -5.5    -8.5    46.8    41.8    0.084439    0.022917   7
2016   1   1  16  45   0   2    44.8   -10.5   -87.5    43.0    41.9    0.016253    0.004753   0
2016   1   1  17   0   0   1    54.6    -5.5    -9.5    47.2    42.4    0.080471    0.021682   6
2016   1   1  17   0   0   2    45.5   -11.5   -88.5    43.5    42.4    0.020412    0.005910   0
2016   1   1  17  15   0   1    51.9    17.5   -23.5    46.9    42.6    0.030541    0.008410   1
2016   1   1  17  15   0   2    45.4   -10.5   -90.5    43.7    42.5    0.022835    0.006590   0
2016   1   1  17  15   0   3    55.2    -5.5   -10.5    47.4    42.5    0.047941    0.012731   5
2016   1   1  17  30   0   1    52.8    17.5   -24.5    47.0    42.5    0.029352    0.008056   1
2016   1   1  17  30   0   2    45.3    -8.5   -92.5    43.7    42.5    0.025655    0.007407   0
2016   1   1  17  30   0   3    54.6    -6.5   -11.5    47.2    42.5    0.046559    0.012392   4
2016   1   1  17  45   0   1    51.8    17.5   -24.5    46.6    42.5    0.027251    0.007546   1
2016   1   1  17  45   0   2    46.1    -5.5   -91.5    44.0    42.5    0.029494    0.008457   0
2016   1   1  17  45   0   3    53.6    -6.5   -12.5    46.9    42.5    0.044171    0.011836   4
2016   1   1  18   0   0   1    50.9    16.5   -27.5    46.4    42.7    0.025287    0.007037   1
2016   1   1  18   0   0   2    48.3    -3.5   -93.5    44.9    42.6    0.036133    0.010154   1
2016   1   1  18   0   0   3    54.4    -6.5   -11.5    47.1    42.7    0.041966    0.011173   4
2016   1   1  18  15   0   1    50.8    16.5   -29.5    46.6    42.7    0.023041    0.006389   1
2016   1   1  18  15   0   2    50.3    -2.5   -94.5    45.5    42.6    0.040255    0.011142   1
2016   1   1  18  15   0   3    57.4    -6.5   -11.5    47.6    42.7    0.040302    0.010540   4
2016   1   1  18  30   0   1    50.3    15.5   -31.5    46.4    42.7    0.020334    0.005664   1
2016   1   1  18  30   0   2    51.5    -1.5   -98.5    45.3    42.5    0.046015    0.012716   0
2016   1   1  18  30   0   3    59.2    -6.5   -12.5    47.7    42.6    0.037417    0.009707   4
2016   1   1  18  45   0   1    49.8    14.5   -33.5    45.7    42.1    0.019517    0.005509   1
2016   1   1  18  45   0   2    51.1    -0.5  -101.5    44.5    42.0    0.050739    0.014244   0
2016   1   1  18  45   0   3    56.7    -7.5   -16.5    46.9    42.0    0.033477    0.008858   4
2016   1   1  19   0   0   1    49.2    14.5   -35.5    45.3    41.8    0.016034    0.004568   0
2016   1   1  19   0   0   2    50.8     0.5  -105.5    44.1    41.8    0.054613    0.015448   0
2016   1   1  19   0   0   3    56.0    -7.5   -19.5    46.6    41.9    0.030429    0.008102   3
2016   1   1  19  15   0   1    48.1    13.5   -38.5    44.6    41.6    0.012204    0.003519   0
2016   1   1  19  15   0   2    50.4     0.5  -109.5    43.8    41.4    0.061099    0.017438   0
2016   1   1  19  15   0   3    53.8    -8.5   -23.5    45.9    41.6    0.028015    0.007608   3
2016   1   1  19  30   0   1    46.6    13.5   -40.5    44.1    41.6    0.008251    0.002407   0
2016   1   1  19  30   0   2    49.9     1.5  -112.5    43.8    41.6    0.067029    0.019213   0
2016   1   1  19  30   0   3    51.6    -8.5   -27.5    45.1    41.6    0.024964    0.006914   3
2016   1   1  19  45   0   1    44.8    13.5   -40.5    43.4    41.8    0.004013    0.001188   0
2016   1   1  19  45   0   2    49.3     2.5  -117.5    43.8    41.6    0.070092    0.020154   0
2016   1   1  19  45   0   3    49.7    -8.5   -30.5    44.8    41.6    0.022685    0.006358   3
2016   1   1  20   0   0   1    49.6     2.5  -122.5    44.2    41.5    0.075771    0.021620   0
2016   1   1  20   0   0   2    48.4    -9.5   -34.5    44.9    41.7    0.021437    0.006034   3
2016   1   1  20  15   0   1    50.6     3.5  -125.5    44.8    41.7    0.075885    0.021404   0
2016   1   1  20  15   0   2    47.2    -9.5   -36.5    44.4    41.9    0.019521    0.005540   3
2016   1   1  20  30   0   1    51.2     4.5  -130.5    45.1    41.8    0.082072    0.023009   0
2016   1   1  20  30   0   2    48.5    -6.5    -7.5    44.2    41.8    0.017148    0.004877   2
2016   1   1  20  45   0   1    51.5     5.5  -134.5    45.3    42.0    0.085007    0.023704   0
2016   1   1  20  45   0   2    48.2    -6.5    -9.5    45.1    42.1    0.005381    0.001497   0
2016   1   1  20  45   0   3    44.3    -9.5   -40.5    43.3    42.0    0.005486    0.001605   2
2016   1   1  21   0   0   1    52.4     5.5  -137.5    45.7    42.3    0.090442    0.024938   0
2016   1   1  21   0   0   2    48.2    -6.5   -11.5    45.3    42.3    0.005787    0.001605   0
2016   1   1  21  15   0   1    52.8     6.5  -141.5    46.0    42.3    0.091963    0.025154   0
2016   1   1  21  15   0   2    47.9    -6.5   -13.5    45.2    42.4    0.006160    0.001713   0
2016   1   1  21  30   0   1    53.2     6.5  -144.5    46.3    42.6    0.091249    0.024830   0
2016   1   1  21  30   0   2    48.1    -6.5   -14.5    45.5    42.6    0.006480    0.001790   0
2016   1   1  21  45   0   1    53.0     7.5  -147.5    46.3    42.6    0.091726    0.024954   0
2016   1   1  21  45   0   2    48.3    -7.5   -17.5    45.5    42.6    0.007323    0.002022   0
2016   1   1  22   0   0   1    53.2     7.5  -150.5    46.8    43.0    0.092065    0.024769   0
2016   1   1  22   0   0   2    48.6    -7.5   -19.5    46.1    43.0    0.007452    0.002037   0
2016   1   1  22  15   0   1    53.2     5.5  -134.5    46.8    42.9    0.091824    0.024660   0
2016   1   1  22  15   0   2    47.1    -8.5   -25.5    45.3    43.1    0.005490    0.001528   0
2016   1   1  22  30   0   1    54.4     6.5  -138.5    46.6    42.6    0.093344    0.025093   1
2016   1   1  22  45   0   1    55.7     7.5  -141.5    46.5    41.8    0.093892    0.025324   1
2016   1   1  23   0   0   1    57.4     7.5  -144.5    46.6    40.6    0.095653    0.025725   1
2016   1   1  23  15   0   1    58.9     8.5  -147.5    46.4    40.5    0.095988    0.025926   1
2016   1   1  23  30   0   1    60.3     8.5  -150.5    46.0    40.0    0.094108    0.025571   1
2016   1   1  23  45   0   1    61.3     9.5  -153.5    45.9    38.8    0.092861    0.025247   2
