# Daily TEC intensification parameters extracted from intensifications_yyy.dat
# year month day number_max number_avg totalREC_max[GECU] totalREC_avg[GECU] totalsize_max totalsize_avg
2005   1   1   3    1.521    0.118547    0.100531    0.029475    0.028102
2005   1   2   4    1.562    0.118846    0.103073    0.029352    0.028336
2005   1   3   4    1.604    0.106466    0.098286    0.029491    0.028292
2005   1   4   4    2.042    0.109820    0.094085    0.029229    0.028149
2005   1   5   3    1.760    0.110706    0.093859    0.029352    0.027667
2005   1   6   4    1.635    0.102929    0.089780    0.029368    0.028091
2005   1   7   3    1.927    0.116228    0.084842    0.029460    0.027902
2005   1   8   3    1.406    0.123930    0.094368    0.029522    0.028102
2005   1   9   3    1.854    0.106942    0.083504    0.029352    0.027787
2005   1  10   4    1.958    0.105347    0.088319    0.029259    0.028017
2005   1  11   3    1.781    0.119734    0.095143    0.029475    0.028064
2005   1  12   3    1.698    0.119910    0.097677    0.029429    0.028118
2005   1  13   3    1.771    0.126489    0.101375    0.029275    0.028007
2005   1  14   3    1.667    0.124397    0.099027    0.029599    0.028039
2005   1  15   3    1.885    0.122890    0.104383    0.028904    0.026997
2005   1  16   3    1.927    0.128408    0.105200    0.029198    0.027582
2005   1  17   3    1.542    0.135192    0.115231    0.029491    0.027965
2005   1  18   4    2.094    0.142006    0.116767    0.029259    0.027499
2005   1  19   4    1.646    0.143190    0.109504    0.029707    0.027775
2005   1  20   4    1.833    0.142954    0.108952    0.029414    0.027763
2005   1  21   5    2.167    0.163429    0.106625    0.029244    0.027824
2005   1  22   2    1.104    0.122193    0.109946    0.029614    0.028770
2005   1  23   3    1.510    0.137662    0.108351    0.029522    0.028449
2005   1  24   3    1.854    0.128037    0.102383    0.029414    0.027862
2005   1  25   4    1.562    0.121639    0.098628    0.029383    0.027812
2005   1  26   4    2.021    0.109194    0.095082    0.029306    0.027839
2005   1  27   3    1.802    0.101034    0.087144    0.029244    0.027775
2005   1  28   4    2.167    0.105706    0.095473    0.029336    0.028043
2005   1  29   4    1.781    0.104569    0.095406    0.029352    0.027990
2005   1  30   3    1.719    0.104830    0.093419    0.029398    0.028180
2005   1  31   3    1.573    0.109608    0.093750    0.029321    0.028008
2005   2   1   3    1.990    0.104572    0.093157    0.029074    0.027786
2005   2   2   4    1.646    0.100117    0.086458    0.029583    0.028063
2005   2   3   3    1.417    0.099854    0.088185    0.029259    0.027872
2005   2   4   4    1.729    0.105214    0.086683    0.029383    0.028555
2005   2   5   3    1.510    0.098753    0.085847    0.029645    0.028486
2005   2   6   4    1.698    0.106417    0.092373    0.029444    0.028293
2005   2   7   3    1.625    0.130392    0.103658    0.029352    0.028585
2005   2   8   4    1.677    0.123428    0.106124    0.029645    0.028053
2005   2   9   3    2.094    0.138550    0.118200    0.029475    0.028392
2005   2  10   4    1.896    0.135176    0.112760    0.029583    0.028103
2005   2  11   4    1.990    0.140525    0.118018    0.029321    0.028399
2005   2  12   4    2.062    0.131488    0.116429    0.029167    0.028196
2005   2  13   4    1.844    0.134999    0.112581    0.029414    0.028095
2005   2  14   4    1.812    0.131530    0.117743    0.029537    0.028031
2005   2  15   4    1.823    0.123878    0.114450    0.029475    0.027637
2005   2  16   4    1.802    0.139125    0.121617    0.029429    0.027787
2005   2  17   3    1.865    0.130426    0.117932    0.029105    0.027695
2005   2  18   4    1.562    0.153798    0.119378    0.029614    0.027700
2005   2  19   4    2.240    0.133384    0.110409    0.029290    0.027823
2005   2  20   4    1.906    0.121606    0.108961    0.029306    0.027929
2005   2  21   3    1.583    0.109962    0.100434    0.029552    0.028129
2005   2  22   4    1.844    0.118237    0.100267    0.029522    0.028493
2005   2  23   4    2.354    0.114769    0.101105    0.028982    0.027747
2005   2  24   4    2.010    0.116754    0.101727    0.029321    0.027658
2005   2  25   3    1.979    0.118746    0.102653    0.029506    0.028200
2005   2  26   3    1.729    0.115647    0.100912    0.029321    0.028234
2005   2  27   4    1.771    0.107625    0.096326    0.029305    0.027888
2005   2  28   3    1.927    0.111142    0.101213    0.029275    0.028159
2005   3   1   3    1.823    0.111989    0.098085    0.029368    0.027567
2005   3   2   3    1.927    0.121152    0.100739    0.029429    0.028299
2005   3   3   3    1.792    0.114363    0.094310    0.029367    0.028299
2005   3   4   4    1.646    0.107213    0.093736    0.029552    0.028088
2005   3   5   4    1.979    0.110427    0.093654    0.029522    0.028111
2005   3   6   4    1.750    0.109700    0.100220    0.029367    0.027913
2005   3   7   4    1.906    0.148234    0.110456    0.029321    0.027894
2005   3   8   4    1.896    0.139211    0.118598    0.029367    0.027889
2005   3   9   4    1.896    0.143603    0.121605    0.029491    0.027866
2005   3  10   4    1.969    0.148702    0.128521    0.029136    0.027972
2005   3  11   4    1.896    0.145578    0.119984    0.029306    0.027538
2005   3  12   4    2.135    0.152201    0.124459    0.029445    0.028036
2005   3  13   3    1.990    0.148888    0.130856    0.029460    0.028468
2005   3  14   4    1.969    0.148820    0.126560    0.029151    0.027764
2005   3  15   4    2.188    0.151686    0.132327    0.029383    0.027892
2005   3  16   3    2.073    0.141468    0.127922    0.029367    0.028036
2005   3  17   3    2.031    0.144595    0.129500    0.029336    0.028030
2005   3  18   4    1.896    0.157493    0.123312    0.029568    0.027762
2005   3  19   5    2.094    0.149385    0.125402    0.029614    0.028225
2005   3  20   4    1.708    0.144961    0.116930    0.029259    0.027920
2005   3  21   4    1.917    0.141163    0.119102    0.029337    0.028102
2005   3  22   4    1.844    0.134113    0.115949    0.029537    0.028054
2005   3  23   4    2.240    0.128708    0.115546    0.029275    0.028139
2005   3  24   3    1.958    0.129110    0.115975    0.029290    0.028367
2005   3  25   4    1.990    0.146359    0.121025    0.029213    0.028185
2005   3  26   3    1.812    0.149435    0.119383    0.029368    0.027746
2005   3  27   4    1.906    0.142975    0.117732    0.029445    0.028018
2005   3  28   5    1.927    0.131599    0.111586    0.029213    0.027822
2005   3  29   4    2.021    0.128002    0.111383    0.029383    0.028458
2005   3  30   4    2.000    0.131607    0.114913    0.029321    0.028280
2005   3  31   3    1.958    0.129366    0.104181    0.029105    0.027853
2005   4   1   5    2.250    0.134920    0.109815    0.029383    0.028400
2005   4   2   3    1.740    0.108542    0.100034    0.029135    0.027555
2005   4   3   4    1.917    0.120539    0.100714    0.029090    0.027499
2005   4   4   4    2.000    0.141228    0.110583    0.029275    0.028023
2005   4   5   4    2.083    0.135297    0.117050    0.029198    0.027292
2005   4   6   4    2.156    0.143791    0.125914    0.029444    0.027842
2005   4   7   4    1.948    0.138438    0.121440    0.029522    0.027879
2005   4   8   5    1.927    0.138071    0.117780    0.029429    0.028217
2005   4   9   4    2.344    0.132258    0.121000    0.029491    0.028555
2005   4  10   4    2.188    0.140812    0.119548    0.029444    0.028275
2005   4  11   3    1.885    0.146954    0.123502    0.029522    0.028841
2005   4  12   3    1.906    0.141071    0.125267    0.029383    0.027948
2005   4  13   4    1.875    0.150156    0.119183    0.029213    0.027521
2005   4  14   4    2.021    0.135096    0.115795    0.029089    0.027582
2005   4  15   3    1.833    0.140562    0.115566    0.029583    0.027797
2005   4  16   3    1.719    0.127473    0.111502    0.029275    0.027762
2005   4  17   3    1.917    0.129543    0.112642    0.029506    0.027917
2005   4  18   4    2.021    0.132840    0.104795    0.029121    0.027584
2005   4  19   4    1.604    0.127230    0.101973    0.029444    0.028027
2005   4  20   4    1.781    0.136124    0.104180    0.029336    0.027721
2005   4  21   3    1.365    0.124567    0.101602    0.029491    0.028194
2005   4  22   3    1.583    0.111617    0.098697    0.029506    0.028415
2005   4  23   4    1.562    0.113106    0.097167    0.029522    0.028096
2005   4  24   3    1.844    0.120154    0.101945    0.029429    0.028277
2005   4  25   3    1.781    0.119213    0.100973    0.029367    0.027672
2005   4  26   3    1.771    0.123720    0.102212    0.029491    0.028293
2005   4  27   3    1.615    0.108297    0.095393    0.029213    0.028245
2005   4  28   4    1.812    0.105670    0.096566    0.029522    0.028085
2005   4  29   3    1.771    0.117658    0.101368    0.029291    0.028349
2005   4  30   3    1.677    0.124836    0.105249    0.029352    0.027955
2005   5   1   3    1.615    0.135764    0.118576    0.029614    0.028112
2005   5   2   4    1.667    0.123569    0.105308    0.029306    0.027492
2005   5   3   4    1.729    0.123182    0.109523    0.029429    0.028024
2005   5   4   4    1.698    0.123753    0.106152    0.029058    0.027324
2005   5   5   4    1.667    0.121050    0.105601    0.029444    0.027916
2005   5   6   4    1.854    0.120559    0.106496    0.029552    0.027819
2005   5   7   4    1.646    0.126477    0.111308    0.029460    0.028277
2005   5   8   3    1.490    0.136959    0.112805    0.029383    0.028119
2005   5   9   3    1.510    0.115833    0.105990    0.029660    0.027636
2005   5  10   5    1.906    0.132810    0.110414    0.029491    0.027435
2005   5  11   4    1.667    0.132671    0.112912    0.029229    0.028143
2005   5  12   3    1.531    0.128161    0.110410    0.029475    0.028068
2005   5  13   3    1.531    0.133080    0.115469    0.029630    0.027958
2005   5  14   3    1.396    0.117737    0.104337    0.029691    0.028000
2005   5  15   3    1.521    0.159942    0.101588    0.029291    0.028212
2005   5  16   3    1.719    0.146850    0.106925    0.029506    0.027739
2005   5  17   2    1.479    0.113167    0.099276    0.029599    0.028360
2005   5  18   3    1.667    0.098831    0.087273    0.029583    0.028104
2005   5  19   3    1.615    0.096756    0.087188    0.029321    0.027344
2005   5  20   4    2.344    0.103855    0.094164    0.029398    0.028128
2005   5  21   4    1.510    0.108104    0.094408    0.029429    0.027716
2005   5  22   3    1.542    0.098851    0.091014    0.029630    0.028164
2005   5  23   4    1.865    0.094971    0.085577    0.029784    0.028074
2005   5  24   3    1.542    0.095255    0.087468    0.029383    0.028272
2005   5  25   4    1.719    0.094457    0.082068    0.029522    0.028269
2005   5  26   3    1.479    0.086637    0.079509    0.029522    0.028440
2005   5  27   2    1.385    0.090120    0.079701    0.029552    0.028279
2005   5  28   3    1.333    0.103991    0.082512    0.029599    0.028427
2005   5  29   3    1.438    0.104351    0.091097    0.029799    0.028525
2005   5  30   4    1.865    0.125426    0.092917    0.029475    0.028026
2005   5  31   4    1.635    0.092774    0.079848    0.029460    0.028698
2005   6   1   3    1.510    0.098535    0.084851    0.029568    0.028381
2005   6   2   4    1.792    0.096904    0.081832    0.029367    0.027718
2005   6   3   4    1.635    0.097291    0.084597    0.029120    0.027954
2005   6   4   4    1.917    0.104631    0.088287    0.029182    0.027900
2005   6   5   4    1.688    0.101076    0.090726    0.029429    0.028137
2005   6   6   3    1.760    0.106621    0.087709    0.029151    0.027460
2005   6   7   4    1.573    0.108449    0.087447    0.029460    0.028109
2005   6   8   3    1.333    0.101726    0.085875    0.029475    0.028127
2005   6   9   4    1.594    0.099215    0.083065    0.029475    0.027893
2005   6  10   3    1.510    0.089678    0.080970    0.029475    0.027987
2005   6  11   3    1.615    0.096215    0.083399    0.029552    0.028354
2005   6  12   3    1.365    0.100480    0.085755    0.029444    0.028511
2005   6  13   3    1.667    0.105077    0.076928    0.029506    0.028663
2005   6  14   3    1.323    0.091739    0.074114    0.029460    0.028303
2005   6  15   3    1.562    0.084933    0.074720    0.029398    0.028153
2005   6  16   3    1.333    0.087516    0.072880    0.029614    0.028004
2005   6  17   3    1.458    0.084485    0.074664    0.029599    0.028242
2005   6  18   4    1.594    0.082656    0.073773    0.029522    0.028347
2005   6  19   3    1.510    0.078856    0.070651    0.029645    0.028403
2005   6  20   3    1.448    0.076950    0.069388    0.030154    0.028035
2005   6  21   3    1.812    0.078323    0.070175    0.029552    0.027973
2005   6  22   4    1.875    0.078685    0.067906    0.029105    0.027598
2005   6  23   3    1.646    0.085906    0.075361    0.029460    0.028128
2005   6  24   3    1.312    0.097242    0.076085    0.029660    0.028669
2005   6  25   4    2.073    0.080840    0.070106    0.029090    0.027616
2005   6  26   4    2.000    0.079692    0.071735    0.029059    0.027682
2005   6  27   4    1.885    0.077421    0.068267    0.029399    0.027793
2005   6  28   3    1.656    0.077923    0.070261    0.029336    0.027845
2005   6  29   4    1.750    0.084814    0.074632    0.029537    0.028171
2005   6  30   4    1.781    0.083702    0.076811    0.029383    0.027846
2005   7   1   2    1.208    0.097120    0.082879    0.029552    0.028425
2005   7   2   4    1.729    0.092527    0.083834    0.029306    0.027648
2005   7   3   4    1.594    0.094533    0.088154    0.029475    0.027704
2005   7   4   3    1.938    0.108044    0.090842    0.029167    0.027741
2005   7   5   4    2.042    0.095383    0.086510    0.029275    0.027868
2005   7   6   3    1.750    0.105614    0.087443    0.029213    0.028113
2005   7   7   3    1.760    0.098888    0.086877    0.029414    0.028124
2005   7   8   4    2.083    0.102411    0.090158    0.029028    0.028023
2005   7   9   4    1.833    0.102500    0.091569    0.029367    0.028382
2005   7  10   3    1.333    0.095211    0.079213    0.029630    0.028679
2005   7  11   4    1.688    0.086767    0.074431    0.029568    0.028481
2005   7  12   3    1.469    0.084575    0.072512    0.029614    0.028247
2005   7  13   3    1.333    0.081039    0.073060    0.029583    0.028374
2005   7  14   4    1.656    0.077587    0.071088    0.029414    0.027581
2005   7  15   4    1.656    0.077865    0.068027    0.029429    0.027813
2005   7  16   3    1.281    0.078019    0.069133    0.029568    0.028285
2005   7  17   3    1.458    0.083585    0.069102    0.029691    0.028364
2005   7  18   3    1.333    0.082320    0.068785    0.029599    0.028749
2005   7  19   3    1.927    0.078717    0.066168    0.029337    0.028313
2005   7  20   3    1.292    0.072554    0.065235    0.029475    0.028304
2005   7  21   3    1.542    0.084257    0.067822    0.029460    0.027786
2005   7  22   3    1.354    0.079566    0.069845    0.029614    0.028215
2005   7  23   3    1.458    0.083758    0.068594    0.029491    0.027986
2005   7  24   4    1.521    0.074932    0.066984    0.029537    0.027914
2005   7  25   3    1.635    0.075690    0.068036    0.029630    0.028452
2005   7  26   4    1.771    0.084223    0.071925    0.029120    0.027733
2005   7  27   3    1.656    0.083746    0.073335    0.029398    0.028194
2005   7  28   4    1.708    0.100085    0.082302    0.029630    0.028329
2005   7  29   5    1.542    0.090806    0.080885    0.029599    0.028399
2005   7  30   3    1.740    0.097032    0.084327    0.029398    0.027772
2005   7  31   3    1.740    0.095096    0.082612    0.029429    0.028025
2005   8   1   3    1.656    0.100491    0.091360    0.029429    0.028189
2005   8   2   3    1.719    0.102250    0.089344    0.029120    0.028099
2005   8   3   4    1.542    0.097730    0.088749    0.029244    0.027657
2005   8   4   4    1.521    0.108994    0.088113    0.029444    0.028187
2005   8   5   5    1.990    0.100821    0.085102    0.029398    0.027292
2005   8   6   3    1.708    0.096468    0.086219    0.029429    0.027848
2005   8   7   4    1.521    0.096708    0.081070    0.029414    0.028088
2005   8   8   3    1.573    0.098210    0.079482    0.029383    0.028169
2005   8   9   4    1.740    0.091714    0.080891    0.029352    0.028135
2005   8  10   4    1.594    0.085734    0.074059    0.029336    0.028151
2005   8  11   3    1.333    0.072897    0.067833    0.029599    0.028038
2005   8  12   4    1.938    0.087808    0.071993    0.029630    0.028331
2005   8  13   3    1.594    0.082609    0.069512    0.029429    0.028290
2005   8  14   4    1.562    0.087772    0.071567    0.029614    0.028188
2005   8  15   4    1.573    0.076559    0.066974    0.029460    0.028170
2005   8  16   4    1.375    0.080934    0.073028    0.029275    0.028190
2005   8  17   3    1.458    0.089431    0.078592    0.029568    0.028576
2005   8  18   4    1.469    0.083603    0.075189    0.029522    0.028671
2005   8  19   3    1.760    0.097856    0.078588    0.029151    0.027688
2005   8  20   3    1.594    0.085056    0.076708    0.029491    0.027856
2005   8  21   3    1.573    0.100690    0.082459    0.029506    0.027947
2005   8  22   3    1.594    0.104653    0.091814    0.029444    0.028125
2005   8  23   3    1.208    0.096430    0.086660    0.029583    0.028384
2005   8  24   4    1.583    0.119189    0.095162    0.029213    0.027429
2005   8  25   3    1.469    0.099093    0.086490    0.029630    0.028094
2005   8  26   3    1.385    0.106974    0.088754    0.029290    0.027655
2005   8  27   4    1.688    0.100715    0.089282    0.029198    0.027610
2005   8  28   4    1.604    0.101842    0.091196    0.029167    0.027816
2005   8  29   3    1.510    0.104454    0.095963    0.029537    0.028438
2005   8  30   4    1.885    0.108875    0.094132    0.029522    0.027989
2005   8  31   3    1.906    0.116790    0.094697    0.029491    0.027900
2005   9   1   4    1.646    0.113950    0.093124    0.029367    0.028082
2005   9   2   5    1.740    0.101155    0.089841    0.029305    0.028088
2005   9   3   3    1.698    0.101811    0.088907    0.029506    0.028417
2005   9   4   3    1.417    0.099547    0.086720    0.029244    0.027970
2005   9   5   3    1.667    0.085324    0.078113    0.029506    0.028207
2005   9   6   3    1.458    0.085565    0.078758    0.029182    0.028013
2005   9   7   2    1.219    0.096679    0.083287    0.029537    0.028467
2005   9   8   3    1.604    0.091280    0.082188    0.029352    0.028102
2005   9   9   3    1.333    0.101420    0.087488    0.029414    0.027850
2005   9  10   3    1.344    0.115375    0.096478    0.029552    0.028623
2005   9  11   3    1.479    0.123552    0.108370    0.028997    0.027270
2005   9  12   3    1.510    0.123280    0.106226    0.029429    0.027989
2005   9  13   5    1.760    0.128381    0.103843    0.029460    0.027934
2005   9  14   4    1.771    0.116983    0.100871    0.029630    0.027980
2005   9  15   4    1.677    0.126115    0.099731    0.029552    0.028064
2005   9  16   3    1.208    0.127924    0.104774    0.029707    0.028322
2005   9  17   3    1.302    0.121734    0.107923    0.029414    0.027707
2005   9  18   3    1.625    0.148624    0.117771    0.029337    0.027815
2005   9  19   4    1.896    0.138155    0.112766    0.028950    0.026820
2005   9  20   4    1.812    0.124633    0.113826    0.028951    0.026729
2005   9  21   3    1.531    0.126255    0.110253    0.029568    0.027792
2005   9  22   3    1.719    0.114810    0.099953    0.029012    0.027242
2005   9  23   4    1.615    0.119286    0.103607    0.029506    0.027463
2005   9  24   3    1.562    0.111827    0.100719    0.029259    0.027767
2005   9  25   4    1.573    0.109512    0.096995    0.029028    0.026919
2005   9  26   4    1.938    0.111186    0.101107    0.029259    0.027511
2005   9  27   3    1.479    0.105649    0.096854    0.029691    0.028116
2005   9  28   5    1.500    0.108444    0.096446    0.028889    0.027459
2005   9  29   3    1.396    0.096368    0.086581    0.029306    0.027801
2005   9  30   4    1.531    0.103155    0.085781    0.028750    0.027005
2005  10   1   3    1.375    0.103228    0.090925    0.029182    0.027527
2005  10   2   3    1.604    0.100694    0.089903    0.029537    0.027651
2005  10   3   3    1.667    0.104729    0.089461    0.029244    0.026804
2005  10   4   4    1.677    0.103364    0.089686    0.029043    0.027207
2005  10   5   4    1.885    0.108758    0.095387    0.028781    0.027080
2005  10   6   3    1.646    0.110873    0.099056    0.029321    0.028162
2005  10   7   4    2.000    0.119264    0.100823    0.029028    0.027684
2005  10   8   4    1.708    0.119982    0.103787    0.029552    0.027718
2005  10   9   4    1.344    0.105977    0.097834    0.029336    0.027335
2005  10  10   5    1.938    0.113325    0.102341    0.029506    0.027463
2005  10  11   5    2.031    0.115973    0.103619    0.029336    0.027124
2005  10  12   3    1.781    0.111470    0.100243    0.029275    0.027764
2005  10  13   4    2.052    0.104994    0.097015    0.029089    0.027833
2005  10  14   4    1.979    0.115011    0.101128    0.029183    0.027493
2005  10  15   4    2.042    0.109280    0.098623    0.029105    0.027829
2005  10  16   5    2.021    0.124142    0.101753    0.029367    0.028091
2005  10  17   4    1.885    0.116625    0.105081    0.029383    0.027974
2005  10  18   4    1.802    0.114497    0.098577    0.029444    0.027747
2005  10  19   4    1.969    0.114690    0.105536    0.029444    0.027946
2005  10  20   4    1.875    0.115128    0.102111    0.029151    0.027572
2005  10  21   3    2.010    0.103965    0.096442    0.028997    0.027235
2005  10  22   4    1.792    0.110016    0.099032    0.028904    0.027594
2005  10  23   3    1.656    0.108298    0.094872    0.029059    0.027605
2005  10  24   4    1.729    0.104075    0.090707    0.029398    0.027777
2005  10  25   4    1.729    0.106980    0.099089    0.029475    0.028084
2005  10  26   4    2.021    0.100439    0.088331    0.029336    0.027724
2005  10  27   4    1.677    0.099545    0.089735    0.029383    0.027814
2005  10  28   4    1.708    0.101397    0.085484    0.029599    0.028225
2005  10  29   4    1.656    0.093730    0.080604    0.029414    0.028126
2005  10  30   4    1.719    0.099169    0.087033    0.029352    0.028156
2005  10  31   4    1.510    0.112792    0.093080    0.029321    0.027755
2005  11   1   3    1.510    0.112997    0.097688    0.029506    0.027504
2005  11   2   3    1.667    0.108959    0.095900    0.029614    0.027731
2005  11   3   3    1.573    0.122138    0.101919    0.029213    0.027818
2005  11   4   4    1.635    0.117883    0.099346    0.029429    0.027976
2005  11   5   4    1.729    0.121364    0.096189    0.029306    0.027478
2005  11   6   4    1.927    0.126866    0.100574    0.029198    0.027495
2005  11   7   3    1.396    0.108326    0.098439    0.029429    0.027653
2005  11   8   3    1.510    0.106747    0.093800    0.029290    0.027793
2005  11   9   3    1.740    0.108479    0.093265    0.029183    0.028065
2005  11  10   5    1.479    0.101538    0.091652    0.029475    0.027964
2005  11  11   3    1.396    0.104794    0.093795    0.029475    0.028304
2005  11  12   3    1.646    0.114799    0.094362    0.029352    0.027881
2005  11  13   5    1.490    0.115895    0.094199    0.029475    0.027946
2005  11  14   4    1.406    0.110438    0.093905    0.029383    0.027977
2005  11  15   3    1.521    0.111964    0.096918    0.029383    0.027989
2005  11  16   4    1.854    0.104167    0.092128    0.029012    0.027668
2005  11  17   3    1.615    0.101051    0.093825    0.029213    0.028036
2005  11  18   3    1.781    0.107068    0.092762    0.029367    0.028246
2005  11  19   4    1.812    0.107521    0.092669    0.029414    0.028042
2005  11  20   2    1.240    0.104125    0.093245    0.029414    0.028133
2005  11  21   2    1.406    0.103684    0.089994    0.029228    0.028190
2005  11  22   3    1.625    0.106178    0.091949    0.029475    0.028377
2005  11  23   3    1.448    0.107642    0.090848    0.029444    0.028208
2005  11  24   3    1.385    0.103829    0.091486    0.029352    0.028132
2005  11  25   3    1.667    0.098425    0.087555    0.029568    0.027684
2005  11  26   4    1.969    0.103974    0.086305    0.029352    0.027723
2005  11  27   4    1.938    0.095879    0.084109    0.029506    0.027854
2005  11  28   3    1.604    0.102807    0.087722    0.029213    0.027833
2005  11  29   3    1.458    0.100903    0.087850    0.029491    0.028518
2005  11  30   3    1.479    0.115988    0.094351    0.029367    0.028051
2005  12   1   4    1.812    0.115100    0.095835    0.029213    0.027606
2005  12   2   3    1.552    0.115137    0.098593    0.029151    0.027881
2005  12   3   3    1.823    0.124883    0.098664    0.029444    0.028169
2005  12   4   4    1.698    0.110473    0.095157    0.029213    0.027934
2005  12   5   4    1.760    0.101495    0.087137    0.029028    0.027464
2005  12   6   4    1.698    0.104770    0.086709    0.029660    0.028509
2005  12   7   4    1.885    0.100025    0.081974    0.029213    0.027727
2005  12   8   3    1.812    0.096040    0.083097    0.029444    0.028165
2005  12   9   3    1.656    0.097332    0.084189    0.029213    0.028238
2005  12  10   3    1.281    0.101350    0.089517    0.029429    0.028271
2005  12  11   4    1.542    0.117092    0.091388    0.029614    0.028246
2005  12  12   3    1.312    0.096499    0.086950    0.029552    0.028468
2005  12  13   4    1.594    0.090729    0.082476    0.029259    0.027975
2005  12  14   3    1.740    0.090625    0.081369    0.029398    0.028010
2005  12  15   3    1.448    0.086727    0.079007    0.029676    0.027971
2005  12  16   3    1.625    0.094592    0.081903    0.029228    0.028059
2005  12  17   3    1.323    0.089525    0.079769    0.029414    0.028040
2005  12  18   3    1.698    0.085282    0.078263    0.029352    0.027923
2005  12  19   3    1.917    0.097972    0.082948    0.029321    0.027873
2005  12  20   3    1.740    0.097670    0.082529    0.029136    0.027489
2005  12  21   3    1.552    0.093902    0.082137    0.029491    0.027917
2005  12  22   4    1.771    0.093428    0.079019    0.029290    0.027860
2005  12  23   3    1.438    0.085961    0.081115    0.029645    0.028011
2005  12  24   3    1.469    0.089004    0.080099    0.029367    0.028144
2005  12  25   3    1.354    0.100633    0.087764    0.029660    0.028295
2005  12  26   3    1.375    0.110745    0.087142    0.029290    0.028127
2005  12  27   4    1.938    0.116332    0.090108    0.029336    0.027712
2005  12  28   4    1.573    0.117326    0.093674    0.029444    0.027787
2005  12  29   3    1.469    0.106636    0.089419    0.029367    0.028021
2005  12  30   4    1.542    0.103386    0.090846    0.029228    0.028152
2005  12  31   3    1.500    0.098758    0.090386    0.029614    0.028303
2006   1   1   3    1.594    0.105456    0.092772    0.029352    0.028456
2006   1   2   3    1.969    0.100429    0.091312    0.029059    0.027867
2006   1   3   3    1.906    0.098412    0.087258    0.029383    0.028216
2006   1   4   3    1.958    0.094561    0.082259    0.029336    0.027624
2006   1   5   4    1.812    0.088486    0.079134    0.029506    0.028098
2006   1   6   3    2.021    0.103607    0.085295    0.029244    0.028281
2006   1   7   4    1.698    0.095825    0.079833    0.029275    0.028236
2006   1   8   3    1.729    0.090060    0.079267    0.029336    0.028219
2006   1   9   4    1.875    0.081749    0.072137    0.029367    0.027900
2006   1  10   4    1.979    0.082458    0.068654    0.029537    0.028251
2006   1  11   4    2.062    0.080602    0.065476    0.029398    0.028105
2006   1  12   4    1.781    0.069823    0.059784    0.029398    0.028141
2006   1  13   4    1.771    0.069998    0.061752    0.029275    0.028400
2006   1  14   4    1.969    0.071165    0.059078    0.029460    0.028220
2006   1  15   3    1.844    0.081642    0.066471    0.029491    0.028433
2006   1  16   4    2.240    0.083805    0.071766    0.029244    0.028286
2006   1  17   3    2.042    0.088003    0.075768    0.029151    0.028054
2006   1  18   4    2.229    0.088887    0.078177    0.029306    0.028310
2006   1  19   4    2.094    0.094916    0.077526    0.029167    0.028033
2006   1  20   5    2.271    0.095627    0.080987    0.029413    0.028306
2006   1  21   4    1.792    0.094078    0.079753    0.029707    0.028356
2006   1  22   5    1.938    0.090215    0.077682    0.029244    0.028238
2006   1  23   3    1.469    0.092925    0.077703    0.029228    0.027854
2006   1  24   4    1.771    0.089523    0.076883    0.029414    0.028544
2006   1  25   4    1.615    0.089615    0.074561    0.029398    0.028532
2006   1  26   4    1.521    0.091399    0.079440    0.029552    0.027837
2006   1  27   4    1.604    0.095259    0.078375    0.029460    0.028432
2006   1  28   3    1.646    0.093868    0.077066    0.029645    0.028351
2006   1  29   3    1.771    0.093470    0.076028    0.029352    0.028201
2006   1  30   3    1.927    0.087681    0.078995    0.029352    0.028318
2006   1  31   3    1.812    0.088318    0.074372    0.029290    0.028229
2006   2   1   3    1.958    0.095790    0.082495    0.029521    0.028638
2006   2   2   3    1.750    0.091534    0.078460    0.029152    0.027924
2006   2   3   3    1.562    0.098712    0.078491    0.029429    0.027563
2006   2   4   2    1.375    0.096259    0.078151    0.029707    0.028137
2006   2   5   4    1.448    0.081863    0.071094    0.029537    0.028416
2006   2   6   4    1.344    0.092515    0.077729    0.029599    0.028140
2006   2   7   3    1.406    0.087371    0.073895    0.029506    0.028471
2006   2   8   3    1.427    0.079881    0.072651    0.029614    0.028369
2006   2   9   3    1.427    0.082093    0.071228    0.029352    0.028058
2006   2  10   3    1.479    0.082374    0.072107    0.029537    0.028198
2006   2  11   3    1.406    0.081738    0.072335    0.029568    0.028675
2006   2  12   3    1.490    0.091267    0.075783    0.029290    0.027774
2006   2  13   3    1.417    0.081378    0.072168    0.029506    0.027878
2006   2  14   3    1.708    0.086213    0.075931    0.029522    0.028243
2006   2  15   4    1.948    0.088060    0.076076    0.029213    0.027642
2006   2  16   4    1.552    0.090390    0.077518    0.029383    0.027622
2006   2  17   3    1.562    0.091925    0.082168    0.029414    0.027760
2006   2  18   3    1.448    0.089334    0.079722    0.029491    0.028309
2006   2  19   4    1.812    0.088294    0.081612    0.029460    0.028130
2006   2  20   4    1.646    0.104782    0.089182    0.029444    0.028315
2006   2  21   4    1.708    0.105524    0.084765    0.029645    0.027992
2006   2  22   3    1.510    0.096727    0.086669    0.029491    0.028458
2006   2  23   4    1.510    0.091376    0.080651    0.029552    0.027723
2006   2  24   3    1.438    0.093913    0.082502    0.029336    0.028028
2006   2  25   4    1.833    0.084315    0.076871    0.029491    0.027976
2006   2  26   4    1.625    0.089195    0.080087    0.029537    0.028165
2006   2  27   4    1.375    0.097489    0.083645    0.029306    0.028143
2006   2  28   3    1.490    0.095385    0.083453    0.029398    0.028040
2006   3   1   3    1.906    0.098881    0.089234    0.029105    0.027737
2006   3   2   3    1.740    0.097396    0.086873    0.029290    0.028086
2006   3   3   4    1.875    0.099862    0.087934    0.029151    0.028224
2006   3   4   3    1.792    0.090345    0.081322    0.029120    0.027557
2006   3   5   4    1.760    0.091789    0.083783    0.029522    0.027676
2006   3   6   4    1.906    0.095287    0.081503    0.029306    0.027532
2006   3   7   3    1.438    0.101384    0.088175    0.029460    0.028346
2006   3   8   4    1.552    0.090732    0.082325    0.029506    0.028372
2006   3   9   4    1.979    0.095094    0.081351    0.029336    0.028119
2006   3  10   4    1.844    0.092947    0.083910    0.029090    0.027835
2006   3  11   3    1.646    0.095463    0.086271    0.029414    0.028113
2006   3  12   3    1.938    0.109925    0.090113    0.029306    0.028176
2006   3  13   3    1.948    0.094414    0.086468    0.029398    0.028257
2006   3  14   4    1.802    0.094160    0.082689    0.029244    0.027604
2006   3  15   4    1.823    0.094048    0.085334    0.029429    0.027789
2006   3  16   3    1.740    0.097961    0.088858    0.029321    0.028238
2006   3  17   4    1.948    0.095827    0.085167    0.029182    0.027878
2006   3  18   4    2.021    0.112825    0.094464    0.029475    0.028005
2006   3  19   3    1.625    0.106076    0.095109    0.029259    0.027778
2006   3  20   3    1.417    0.109406    0.094999    0.029506    0.028234
2006   3  21   3    1.604    0.111475    0.093544    0.029506    0.028349
2006   3  22   3    1.562    0.093516    0.087597    0.028966    0.027453
2006   3  23   3    1.833    0.098300    0.089739    0.029120    0.027859
2006   3  24   3    1.625    0.098863    0.088426    0.029336    0.027960
2006   3  25   3    1.677    0.098579    0.087754    0.029429    0.027716
2006   3  26   4    1.635    0.097390    0.088168    0.029244    0.027923
2006   3  27   3    1.719    0.104370    0.090053    0.029367    0.028100
2006   3  28   4    1.917    0.097305    0.086816    0.028935    0.027666
2006   3  29   4    2.010    0.101314    0.088569    0.029475    0.028055
2006   3  30   3    2.094    0.102672    0.093843    0.028996    0.028217
2006   3  31   3    2.052    0.110538    0.095374    0.029151    0.028124
2006   4   1   3    1.844    0.109235    0.095139    0.029259    0.027795
2006   4   2   4    2.104    0.107972    0.094036    0.029151    0.027948
2006   4   3   4    2.125    0.105043    0.089719    0.029213    0.027780
2006   4   4   3    1.833    0.118519    0.097799    0.029259    0.027836
2006   4   5   4    1.812    0.117319    0.098730    0.029475    0.028062
2006   4   6   3    1.490    0.107784    0.098581    0.029660    0.027567
2006   4   7   4    1.875    0.106496    0.097194    0.029552    0.027711
2006   4   8   4    1.812    0.113483    0.099757    0.029198    0.027512
2006   4   9   3    1.688    0.126508    0.108113    0.029336    0.027825
2006   4  10   3    1.521    0.125730    0.106931    0.029275    0.027805
2006   4  11   4    1.625    0.121857    0.101548    0.029568    0.027736
2006   4  12   3    1.865    0.115835    0.095566    0.029290    0.027830
2006   4  13   5    1.719    0.109652    0.094468    0.029429    0.028348
2006   4  14   4    2.094    0.144910    0.110944    0.029244    0.028078
2006   4  15   3    1.510    0.129536    0.103964    0.029506    0.027952
2006   4  16   2    1.562    0.111164    0.099465    0.029429    0.027689
2006   4  17   4    1.792    0.115247    0.095595    0.029306    0.027909
2006   4  18   4    1.729    0.110500    0.091473    0.029120    0.027838
2006   4  19   4    1.760    0.107469    0.091477    0.029151    0.027851
2006   4  20   3    1.396    0.102301    0.089209    0.028981    0.027749
2006   4  21   3    1.438    0.101404    0.089806    0.029537    0.027909
2006   4  22   3    1.500    0.105422    0.095720    0.028951    0.027786
2006   4  23   4    1.510    0.107369    0.091671    0.029275    0.027997
2006   4  24   3    1.417    0.105618    0.093438    0.029583    0.028333
2006   4  25   5    1.667    0.102504    0.090229    0.029367    0.028225
2006   4  26   4    1.531    0.103442    0.091008    0.029491    0.028234
2006   4  27   5    1.990    0.108608    0.096688    0.029244    0.027760
2006   4  28   5    1.833    0.122408    0.102113    0.029090    0.027828
2006   4  29   5    1.990    0.108257    0.099428    0.029290    0.027442
2006   4  30   4    1.896    0.113072    0.100772    0.029429    0.028087
2006   5   1   4    1.792    0.111228    0.096200    0.029599    0.027914
2006   5   2   3    1.635    0.107543    0.093305    0.029460    0.028089
2006   5   3   4    1.969    0.111902    0.098120    0.029321    0.028031
2006   5   4   3    1.781    0.111271    0.098337    0.029491    0.027763
2006   5   5   3    1.542    0.107254    0.095604    0.029552    0.028380
2006   5   6   3    1.198    0.104207    0.093508    0.029398    0.028242
2006   5   7   3    1.625    0.103142    0.093833    0.029599    0.027875
2006   5   8   3    1.531    0.102293    0.091244    0.029352    0.028057
2006   5   9   3    1.938    0.095325    0.086232    0.029367    0.027887
2006   5  10   3    1.750    0.094362    0.083817    0.029290    0.027964
2006   5  11   3    1.667    0.098081    0.087042    0.029136    0.027835
2006   5  12   4    1.823    0.094070    0.084275    0.029614    0.028003
2006   5  13   3    1.615    0.088998    0.076704    0.029306    0.027991
2006   5  14   4    2.021    0.085392    0.077604    0.029306    0.027812
2006   5  15   4    1.719    0.082028    0.071441    0.029321    0.027835
2006   5  16   3    1.688    0.079309    0.070071    0.029815    0.028523
2006   5  17   3    1.729    0.082095    0.071965    0.029213    0.028045
2006   5  18   3    1.719    0.081997    0.073885    0.029491    0.028396
2006   5  19   3    1.792    0.081169    0.072348    0.029475    0.028350
2006   5  20   4    1.708    0.084377    0.073543    0.029383    0.028263
2006   5  21   3    1.812    0.083673    0.071052    0.029660    0.028304
2006   5  22   3    1.792    0.086998    0.072581    0.029537    0.028463
2006   5  23   4    1.865    0.084568    0.076580    0.029244    0.028089
2006   5  24   4    1.865    0.088283    0.077073    0.029151    0.028037
2006   5  25   4    1.719    0.091674    0.075169    0.029352    0.027997
2006   5  26   5    1.740    0.091253    0.078863    0.029352    0.027740
2006   5  27   4    1.896    0.090408    0.078084    0.029259    0.028192
2006   5  28   4    2.010    0.094163    0.079635    0.029398    0.028059
2006   5  29   3    1.750    0.095686    0.080141    0.029198    0.027982
2006   5  30   3    1.635    0.083999    0.075841    0.029522    0.028170
2006   5  31   3    1.677    0.090325    0.077892    0.029398    0.028361
2006   6   1   2    1.208    0.082389    0.073555    0.029552    0.028525
2006   6   2   4    1.510    0.078359    0.071754    0.029414    0.028180
2006   6   3   3    1.500    0.077621    0.069418    0.029383    0.027560
2006   6   4   3    1.750    0.075865    0.065082    0.029290    0.027834
2006   6   5   2    1.521    0.069419    0.062533    0.029645    0.028377
2006   6   6   3    1.896    0.088990    0.069875    0.029213    0.028306
2006   6   7   4    1.812    0.083159    0.070628    0.029321    0.028257
2006   6   8   4    1.615    0.085996    0.071130    0.029753    0.028028
2006   6   9   3    1.760    0.076806    0.070853    0.029568    0.028100
2006   6  10   3    1.521    0.074750    0.068592    0.029213    0.027849
2006   6  11   3    1.573    0.069715    0.066225    0.029444    0.028221
2006   6  12   4    1.677    0.072674    0.064650    0.029352    0.028321
2006   6  13   4    1.719    0.076447    0.064424    0.029491    0.028215
2006   6  14   3    1.698    0.069257    0.063654    0.029460    0.028301
2006   6  15   4    1.542    0.079529    0.069491    0.029460    0.028387
2006   6  16   3    1.344    0.074923    0.065085    0.029892    0.028541
2006   6  17   3    1.604    0.065836    0.061620    0.029676    0.028285
2006   6  18   3    1.552    0.070777    0.064774    0.029522    0.028443
2006   6  19   4    1.479    0.064476    0.056709    0.029336    0.028321
2006   6  20   3    1.458    0.063956    0.058630    0.029383    0.028307
2006   6  21   3    1.448    0.063848    0.056403    0.029552    0.028374
2006   6  22   4    1.635    0.066676    0.058733    0.029367    0.028104
2006   6  23   4    1.531    0.067079    0.058537    0.029522    0.028333
2006   6  24   5    1.708    0.066530    0.056191    0.029429    0.028236
2006   6  25   4    1.865    0.065235    0.056709    0.029414    0.027861
2006   6  26   4    1.833    0.066853    0.057649    0.029645    0.028377
2006   6  27   5    1.927    0.067147    0.057480    0.029290    0.028017
2006   6  28   4    1.521    0.073627    0.062477    0.029722    0.028437
2006   6  29   3    1.438    0.071568    0.065372    0.029213    0.028048
2006   6  30   4    1.594    0.069563    0.064420    0.029429    0.028082
2006   7   1   3    1.917    0.069651    0.062607    0.029506    0.028199
2006   7   2   3    1.865    0.071264    0.061793    0.029583    0.028178
2006   7   3   3    1.896    0.070582    0.060945    0.029275    0.028052
2006   7   4   4    1.990    0.076069    0.064527    0.029444    0.028253
2006   7   5   4    1.375    0.083541    0.070469    0.029645    0.028620
2006   7   6   4    1.500    0.077795    0.066109    0.029537    0.028467
2006   7   7   3    1.562    0.072314    0.062916    0.029630    0.028093
2006   7   8   4    1.583    0.065030    0.058365    0.029414    0.027921
2006   7   9   3    1.552    0.064357    0.056088    0.029398    0.028231
2006   7  10   3    1.615    0.068399    0.060005    0.029475    0.028163
2006   7  11   3    1.448    0.072533    0.061363    0.029614    0.028403
2006   7  12   3    1.594    0.072296    0.059531    0.029568    0.028337
2006   7  13   4    1.885    0.066486    0.057686    0.029275    0.028164
2006   7  14   4    1.792    0.067260    0.056514    0.029290    0.028188
2006   7  15   4    1.594    0.067847    0.056257    0.029552    0.028110
2006   7  16   4    1.875    0.063709    0.054477    0.029414    0.027902
2006   7  17   3    1.562    0.062366    0.053611    0.029568    0.028350
2006   7  18   3    1.479    0.063524    0.053209    0.029290    0.027944
2006   7  19   5    1.438    0.060533    0.051337    0.029660    0.028399
2006   7  20   4    1.812    0.059987    0.051827    0.029383    0.028072
2006   7  21   4    1.594    0.062560    0.055011    0.029722    0.028025
2006   7  22   4    1.677    0.061754    0.056000    0.029506    0.028057
2006   7  23   4    1.771    0.063589    0.057232    0.029367    0.028161
2006   7  24   3    1.490    0.063952    0.058592    0.029414    0.028188
2006   7  25   4    2.021    0.071132    0.061902    0.029275    0.028026
2006   7  26   3    1.396    0.071482    0.061196    0.029429    0.028560
2006   7  27   5    1.833    0.069452    0.061489    0.029275    0.028014
2006   7  28   3    1.542    0.079240    0.064564    0.029275    0.027976
2006   7  29   3    1.688    0.065651    0.060625    0.029336    0.028148
2006   7  30   3    1.573    0.064555    0.058586    0.029676    0.028279
2006   7  31   3    1.594    0.069516    0.059882    0.029614    0.028312
2006   8   1   4    1.740    0.070962    0.063034    0.029522    0.028138
2006   8   2   3    1.521    0.065037    0.059381    0.029506    0.028042
2006   8   3   3    1.312    0.070021    0.058230    0.029491    0.028261
2006   8   4   3    1.854    0.056284    0.053123    0.029614    0.028234
2006   8   5   4    1.708    0.062733    0.053041    0.029537    0.028173
2006   8   6   2    1.219    0.060754    0.054200    0.029722    0.028446
2006   8   7   4    1.562    0.069920    0.060574    0.029660    0.028201
2006   8   8   4    1.458    0.064479    0.056493    0.029506    0.028614
2006   8   9   4    1.812    0.064111    0.056950    0.029228    0.027863
2006   8  10   4    1.448    0.063230    0.058099    0.029599    0.028258
2006   8  11   3    1.656    0.070050    0.061079    0.029244    0.028309
2006   8  12   3    1.354    0.068886    0.059825    0.029599    0.028162
2006   8  13   3    1.333    0.061922    0.056016    0.029444    0.028309
2006   8  14   3    1.385    0.068818    0.057312    0.029506    0.028443
2006   8  15   3    1.479    0.062190    0.056330    0.029568    0.028279
2006   8  16   3    1.542    0.065287    0.055197    0.029383    0.028402
2006   8  17   3    1.688    0.069814    0.060758    0.029306    0.028468
2006   8  18   4    1.292    0.078574    0.065899    0.029614    0.028534
2006   8  19   3    1.354    0.090596    0.071832    0.029599    0.028352
2006   8  20   2    1.490    0.093089    0.069075    0.029522    0.028617
2006   8  21   3    1.531    0.084157    0.072474    0.029398    0.028403
2006   8  22   3    1.677    0.076994    0.067825    0.029383    0.027829
2006   8  23   3    1.427    0.071258    0.064494    0.029537    0.027932
2006   8  24   3    1.708    0.073261    0.067503    0.029506    0.028283
2006   8  25   4    1.698    0.071369    0.064603    0.029583    0.028332
2006   8  26   3    1.750    0.069797    0.063852    0.029182    0.028126
2006   8  27   5    1.979    0.091321    0.070944    0.029599    0.028365
2006   8  28   3    1.542    0.080235    0.072485    0.029506    0.027957
2006   8  29   4    1.573    0.076922    0.070429    0.029923    0.028549
2006   8  30   3    1.396    0.079145    0.069915    0.029352    0.028117
2006   8  31   3    1.458    0.076404    0.069652    0.029120    0.028060
2006   9   1   3    1.396    0.084615    0.075883    0.029491    0.028328
2006   9   2   4    1.740    0.082393    0.074032    0.029306    0.027793
2006   9   3   4    1.802    0.082045    0.073598    0.029552    0.027808
2006   9   4   3    1.521    0.088159    0.077634    0.029552    0.028491
2006   9   5   3    1.552    0.091624    0.079238    0.029691    0.027770
2006   9   6   3    1.583    0.088577    0.078000    0.029506    0.027643
2006   9   7   4    1.906    0.086116    0.079628    0.029290    0.028155
2006   9   8   3    1.917    0.087876    0.079267    0.029306    0.027957
2006   9   9   4    1.740    0.085541    0.075945    0.029383    0.028213
2006   9  10   3    1.802    0.091808    0.082216    0.029367    0.028123
2006   9  11   4    1.719    0.090414    0.080183    0.029167    0.027651
2006   9  12   4    1.885    0.089585    0.078910    0.029151    0.028024
2006   9  13   3    1.990    0.094317    0.082331    0.029275    0.027740
2006   9  14   4    2.125    0.085467    0.076470    0.029429    0.027732
2006   9  15   4    1.521    0.079945    0.073721    0.029383    0.027627
2006   9  16   4    2.042    0.085762    0.076427    0.029522    0.027927
2006   9  17   4    1.635    0.086946    0.079765    0.029568    0.027965
2006   9  18   3    1.292    0.091588    0.083237    0.029537    0.027959
2006   9  19   5    1.656    0.085549    0.079426    0.029491    0.028040
2006   9  20   4    1.906    0.080305    0.072582    0.029367    0.027944
2006   9  21   3    1.479    0.087690    0.075355    0.029552    0.028248
2006   9  22   3    1.583    0.078898    0.071551    0.029367    0.028145
2006   9  23   3    1.490    0.083693    0.074158    0.029506    0.028016
2006   9  24   3    1.469    0.094739    0.082205    0.029522    0.027482
2006   9  25   5    1.615    0.086592    0.075772    0.029460    0.028249
2006   9  26   4    1.698    0.088440    0.073839    0.029182    0.027540
2006   9  27   4    1.615    0.080673    0.072552    0.029151    0.027219
2006   9  28   4    1.500    0.080516    0.072347    0.029429    0.028197
2006   9  29   4    1.625    0.081729    0.071586    0.029691    0.028128
2006   9  30   3    1.333    0.101106    0.081885    0.029290    0.027629
2006  10   1   4    1.708    0.097156    0.086127    0.029444    0.028171
2006  10   2   3    1.521    0.097059    0.085614    0.029460    0.028211
2006  10   3   3    1.448    0.090056    0.082568    0.029475    0.028014
2006  10   4   4    1.594    0.090595    0.081472    0.029491    0.027346
2006  10   5   3    1.729    0.091910    0.083565    0.029568    0.027952
2006  10   6   4    1.719    0.092874    0.083061    0.029074    0.027119
2006  10   7   4    2.021    0.095893    0.083167    0.029336    0.027844
2006  10   8   4    1.646    0.093904    0.085319    0.029398    0.027530
2006  10   9   3    1.344    0.095347    0.084814    0.029429    0.027976
2006  10  10   3    1.740    0.097237    0.082919    0.029352    0.028082
2006  10  11   4    1.656    0.088841    0.078960    0.029028    0.027258
2006  10  12   3    1.510    0.084474    0.078978    0.029630    0.027639
2006  10  13   4    1.646    0.093685    0.084952    0.029460    0.027894
2006  10  14   4    1.625    0.097229    0.085480    0.029383    0.027545
2006  10  15   4    1.802    0.093954    0.082935    0.029522    0.027776
2006  10  16   5    1.552    0.092373    0.080986    0.029491    0.027909
2006  10  17   4    1.896    0.085556    0.076148    0.029537    0.027638
2006  10  18   4    1.812    0.077053    0.071355    0.029306    0.027607
2006  10  19   3    1.448    0.078363    0.072209    0.029352    0.027801
2006  10  20   3    1.438    0.086049    0.077750    0.029136    0.027615
2006  10  21   3    1.510    0.097491    0.084661    0.028997    0.027713
2006  10  22   3    1.792    0.095307    0.085389    0.029414    0.027754
2006  10  23   3    1.562    0.094391    0.082725    0.029383    0.027406
2006  10  24   4    1.771    0.090507    0.081765    0.029398    0.027878
2006  10  25   3    1.573    0.090420    0.082554    0.029429    0.027949
2006  10  26   3    1.677    0.092221    0.081727    0.029398    0.028123
2006  10  27   5    1.938    0.089023    0.076728    0.029136    0.027796
2006  10  28   3    1.458    0.104949    0.084809    0.029522    0.027856
2006  10  29   3    1.417    0.104617    0.087004    0.029537    0.027776
2006  10  30   4    1.906    0.096004    0.085083    0.029383    0.027969
2006  10  31   5    1.979    0.086947    0.077185    0.029383    0.028111
2006  11   1   4    1.688    0.095771    0.083290    0.029475    0.028136
2006  11   2   4    1.667    0.100240    0.088005    0.029429    0.028047
2006  11   3   3    1.552    0.104454    0.089095    0.029475    0.027810
2006  11   4   3    1.448    0.103779    0.092200    0.029537    0.028243
2006  11   5   4    1.708    0.106465    0.092777    0.029522    0.028055
2006  11   6   3    2.083    0.099033    0.089806    0.029460    0.027581
2006  11   7   3    1.927    0.103747    0.092358    0.029182    0.027932
2006  11   8   3    2.042    0.101436    0.090523    0.029275    0.028139
2006  11   9   4    1.844    0.107575    0.089529    0.029352    0.028225
2006  11  10   3    1.458    0.113375    0.099826    0.029537    0.028353
2006  11  11   3    1.552    0.119571    0.102264    0.029413    0.028121
2006  11  12   3    1.688    0.110224    0.096988    0.029198    0.027682
2006  11  13   3    1.719    0.101924    0.091271    0.029537    0.028296
2006  11  14   3    1.781    0.106989    0.089879    0.029552    0.027981
2006  11  15   3    1.469    0.104007    0.089324    0.029475    0.028252
2006  11  16   3    1.698    0.100717    0.089594    0.029583    0.028081
2006  11  17   3    1.583    0.096105    0.089072    0.029444    0.028047
2006  11  18   4    1.729    0.097097    0.088051    0.029522    0.028107
2006  11  19   3    1.688    0.100807    0.086006    0.029398    0.028085
2006  11  20   3    1.656    0.095894    0.083244    0.029460    0.028025
2006  11  21   3    1.781    0.093079    0.079298    0.029228    0.028149
2006  11  22   4    1.917    0.087296    0.078900    0.029337    0.028065
2006  11  23   4    1.844    0.111149    0.086576    0.029321    0.028314
2006  11  24   4    1.979    0.106039    0.087053    0.029136    0.027907
2006  11  25   3    1.792    0.106729    0.086971    0.029552    0.028327
2006  11  26   3    1.688    0.104955    0.084816    0.029491    0.028402
2006  11  27   4    1.812    0.088041    0.080990    0.029244    0.028145
2006  11  28   4    1.865    0.087650    0.080006    0.029414    0.027979
2006  11  29   4    2.073    0.094013    0.082477    0.029090    0.028148
2006  11  30   3    1.594    0.096828    0.087724    0.029475    0.028013
2006  12   1   3    1.469    0.093931    0.080462    0.029475    0.028169
2006  12   2   3    1.688    0.089887    0.079189    0.029460    0.028200
2006  12   3   4    1.812    0.090870    0.082577    0.029444    0.027976
2006  12   4   3    1.875    0.091542    0.080842    0.029229    0.027969
2006  12   5   3    1.667    0.092043    0.081139    0.029275    0.027990
2006  12   6   3    1.417    0.114518    0.093808    0.029583    0.028331
2006  12   7   4    1.635    0.111360    0.089167    0.029738    0.028327
2006  12   8   3    1.521    0.099114    0.085696    0.029444    0.027883
2006  12   9   3    1.823    0.094946    0.083407    0.029275    0.027822
2006  12  10   4    1.677    0.099415    0.082660    0.029444    0.027965
2006  12  11   3    1.573    0.102293    0.083214    0.029630    0.028221
2006  12  12   3    1.667    0.101206    0.084353    0.029290    0.027805
2006  12  13   4    1.802    0.092865    0.082833    0.029460    0.028162
2006  12  14   3    1.729    0.099474    0.080339    0.029321    0.027698
2006  12  15   3    1.906    0.140692    0.096044    0.029367    0.028427
2006  12  16   3    1.500    0.083161    0.073048    0.029475    0.028540
2006  12  17   4    1.552    0.076974    0.068307    0.029367    0.028269
2006  12  18   3    1.646    0.077216    0.067114    0.029213    0.028338
2006  12  19   3    1.385    0.077214    0.067728    0.029722    0.028513
2006  12  20   4    1.677    0.093787    0.073042    0.029306    0.028168
2006  12  21   3    1.125    0.094382    0.072684    0.029367    0.028292
2006  12  22   3    1.615    0.090321    0.073778    0.029969    0.028140
2006  12  23   5    1.750    0.088421    0.072220    0.029429    0.028043
2006  12  24   4    1.875    0.086512    0.070847    0.029336    0.028081
2006  12  25   4    1.646    0.090601    0.070062    0.029074    0.028174
2006  12  26   3    1.573    0.075782    0.070612    0.029136    0.028016
2006  12  27   3    1.635    0.075182    0.069923    0.029352    0.028228
2006  12  28   3    1.792    0.078075    0.067480    0.029352    0.028001
2006  12  29   4    1.708    0.079313    0.065633    0.029568    0.028436
2006  12  30   5    1.708    0.076166    0.069352    0.029491    0.028363
2006  12  31   3    1.333    0.072287    0.065447    0.029460    0.028153
